TaskID	Genre	Detail	Particular	Level	GoodsFive	MagicEnName	MagicCnName	MinValue	MaxValue	TaskValue1	TaskValue2	TaskRate1	TaskRate2	TaskRate3	TaskRate4	TaskRate5	TaskRate6	TaskRate7	TaskRate8	TaskRate9	TaskRate10	TaskRate11	TaskRate12	TaskRate13	TaskRate14	TaskRate15	TaskRate16	TaskRate17	TaskRate18	TaskRate19	TaskRate20	TaskInfo
2001	0	3	0	n	0	n	n	n	n	100000	20000	10000	9000	10000	8000	6000	8000	7000	6000	5000	4000	6000	5500	5000	4500	4000	5000	4500	4000	3500	3000	金属性戒指
2002	0	3	0	n	1	n	n	n	n	100000	20000	10000	9000	10000	8000	6000	8000	7000	6000	5000	4000	6000	5500	5000	4500	4000	5000	4500	4000	3500	3000	木属性戒指
2003	0	3	0	n	2	n	n	n	n	100000	20000	10000	9000	10000	8000	6000	8000	7000	6000	5000	4000	6000	5500	5000	4500	4000	5000	4500	4000	3500	3000	水属性戒指
2004	0	3	0	n	3	n	n	n	n	100000	20000	10000	9000	10000	8000	6000	8000	7000	6000	5000	4000	6000	5500	5000	4500	4000	5000	4500	4000	3500	3000	火属性戒指
2005	0	3	0	n	4	n	n	n	n	100000	20000	10000	9000	10000	9000	6000	8000	7000	6000	5000	4000	6000	5500	5000	4500	4000	5000	4500	4000	3500	3000	土属性戒指
2006	0	3	0	1	n	n	n	n	n	100000	25000	10000	9000	10000	9000	8000	8000	7500	7000	6500	6000	6000	5500	5000	4500	4000	6000	5500	5000	4500	4000	黄玉戒指
2007	0	3	0	2	n	n	n	n	n	100000	20000	10000	9000	10000	9000	8000	8000	7500	7000	6500	6000	6000	5500	5000	4500	4000	6000	5500	5000	4500	4000	橄榄石戒指
2008	0	3	0	3	n	n	n	n	n	150000	30000	5000	5500	7000	7500	8000	6000	6500	7000	7500	8000	6000	6500	7000	7500	8000	5000	5500	6000	6500	7000	芙蓉石戒指
2009	0	3	0	4	n	n	n	n	n	150000	30000	3000	3500	5000	5500	6000	5000	5500	6000	6500	7000	5000	5500	6000	6500	7000	6000	6500	7000	7500	8000	翡翠戒指
2010	0	3	0	5	n	n	n	n	n	200000	35000	2000	2500	3000	3500	4000	5000	5500	6000	6500	7000	4000	4500	5000	5500	6000	5000	5500	6000	6500	7000	翠榴石戒指
2011	0	3	0	6	n	n	n	n	n	200000	35000	1000	1200	2000	2500	3000	4500	5000	5500	6000	6500	4000	4500	5000	5500	6000	4000	3500	3000	2500	2000	祖母绿戒指
2012	0	3	0	7	n	n	n	n	n	200000	40000	500	800	1100	1400	1700	1500	1800	2100	2400	2700	3000	3500	4000	4500	5000	4000	3500	3000	2500	2000	海蓝宝石戒指
2013	0	3	0	8	n	n	n	n	n	200000	40000	200	250	300	400	500	500	750	1000	1250	1500	2000	2250	2500	2750	3000	3000	3000	3000	3000	3000	红宝石戒指
2014	0	3	0	9	n	n	n	n	n	200000	40000	100	150	150	200	300	300	350	400	450	500	800	1200	1600	2000	2400	2500	2300	2100	1900	1700	蓝宝石戒指
2015	0	3	0	10	n	n	n	n	n	200000	40000	0	50	80	120	150	150	180	210	240	270	500	600	700	800	900	1800	2300	2800	3300	3800	钻石戒指
2016	0	3	0	1	0	n	n	n	n	100000	50000	10000	9000	10000	9000	8000	8000	7500	7000	6500	6000	6000	5500	5000	4500	4000	6000	5500	5000	4500	4000	金属性黄玉戒指
2017	0	3	0	2	0	n	n	n	n	100000	50000	10000	9000	10000	9000	8000	8000	7500	7000	6500	6000	6000	5500	5000	4500	4000	6000	5500	5000	4500	4000	金属性橄榄石戒指
2018	0	3	0	3	0	n	n	n	n	150000	80000	5000	5500	7000	7500	8000	6000	6500	7000	7500	8000	6000	6500	7000	7500	8000	5000	5500	6000	6500	7000	金属性芙蓉石戒指
2019	0	3	0	4	0	n	n	n	n	150000	80000	3000	3500	5000	5500	6000	5000	5500	6000	6500	7000	5000	5500	6000	6500	7000	6000	6500	7000	7500	8000	金属性翡翠戒指
2020	0	3	0	5	0	n	n	n	n	200000	100000	2000	2500	3000	3500	4000	5000	5500	6000	6500	7000	4000	4500	5000	5500	6000	5000	5500	6000	6500	7000	金属性翠榴石戒指
2021	0	3	0	6	0	n	n	n	n	200000	100000	1000	1200	2000	2500	3000	4500	5000	5500	6000	6500	4000	4500	5000	5500	6000	4000	3500	3000	2500	2000	金属性祖母绿戒指
2022	0	3	0	7	0	n	n	n	n	200000	100000	500	800	1100	1400	1700	1500	1800	2100	2400	2700	3000	3500	4000	4500	5000	4000	3500	3000	2500	2000	金属性海蓝宝石戒指
2023	0	3	0	8	0	n	n	n	n	200000	100000	200	250	300	400	500	500	750	1000	1250	1500	2000	2250	2500	2750	3000	3000	3000	3000	3000	3000	金属性红宝石戒指
2024	0	3	0	9	0	n	n	n	n	200000	100000	100	150	150	200	300	300	350	400	450	500	800	1200	1600	2000	2400	2500	2300	2100	1900	1700	金属性蓝宝石戒指
2025	0	3	0	10	0	n	n	n	n	200000	100000	0	50	80	120	150	150	180	210	240	270	500	600	700	800	900	1800	2300	2800	3300	3800	金属性钻石戒指
2026	0	3	0	1	1	n	n	n	n	100000	50000	10000	9000	10000	9000	8000	8000	7500	7000	6500	6000	6000	5500	5000	4500	4000	6000	5500	5000	4500	4000	木属性黄玉戒指
2027	0	3	0	2	1	n	n	n	n	100000	50000	10000	9000	10000	9000	8000	8000	7500	7000	6500	6000	6000	5500	5000	4500	4000	6000	5500	5000	4500	4000	木属性橄榄石戒指
2028	0	3	0	3	1	n	n	n	n	150000	80000	5000	5500	7000	7500	8000	6000	6500	7000	7500	8000	6000	6500	7000	7500	8000	5000	5500	6000	6500	7000	木属性芙蓉石戒指
2029	0	3	0	4	1	n	n	n	n	150000	80000	3000	3500	5000	5500	6000	5000	5500	6000	6500	7000	5000	5500	6000	6500	7000	6000	6500	7000	7500	8000	木属性翡翠戒指
2030	0	3	0	5	1	n	n	n	n	200000	100000	2000	2500	3000	3500	4000	5000	5500	6000	6500	7000	4000	4500	5000	5500	6000	5000	5500	6000	6500	7000	木属性翠榴石戒指
2031	0	3	0	6	1	n	n	n	n	200000	100000	1000	1200	2000	2500	3000	4500	5000	5500	6000	6500	4000	4500	5000	5500	6000	4000	3500	3000	2500	2000	木属性祖母绿戒指
2032	0	3	0	7	1	n	n	n	n	200000	100000	500	800	1100	1400	1700	1500	1800	2100	2400	2700	3000	3500	4000	4500	5000	4000	3500	3000	2500	2000	木属性海蓝宝石戒指
2033	0	3	0	8	1	n	n	n	n	200000	100000	200	250	300	400	500	500	750	1000	1250	1500	2000	2250	2500	2750	3000	3000	3000	3000	3000	3000	木属性红宝石戒指
2034	0	3	0	9	1	n	n	n	n	200000	100000	100	150	150	200	300	300	350	400	450	500	800	1200	1600	2000	2400	2500	2300	2100	1900	1700	木属性蓝宝石戒指
2035	0	3	0	10	1	n	n	n	n	200000	100000	0	50	80	120	150	150	180	210	240	270	500	600	700	800	900	1800	2300	2800	3300	3800	木属性钻石戒指
2036	0	3	0	1	2	n	n	n	n	100000	50000	10000	9000	10000	9000	8000	8000	7500	7000	6500	6000	6000	5500	5000	4500	4000	6000	5500	5000	4500	4000	水属性黄玉戒指
2037	0	3	0	2	2	n	n	n	n	100000	50000	10000	9000	10000	9000	8000	8000	7500	7000	6500	6000	6000	5500	5000	4500	4000	6000	5500	5000	4500	4000	水属性橄榄石戒指
2038	0	3	0	3	2	n	n	n	n	150000	80000	5000	5500	7000	7500	8000	6000	6500	7000	7500	8000	6000	6500	7000	7500	8000	5000	5500	6000	6500	7000	水属性芙蓉石戒指
2039	0	3	0	4	2	n	n	n	n	150000	80000	3000	3500	5000	5500	6000	5000	5500	6000	6500	7000	5000	5500	6000	6500	7000	6000	6500	7000	7500	8000	水属性翡翠戒指
2040	0	3	0	5	2	n	n	n	n	200000	100000	2000	2500	3000	3500	4000	5000	5500	6000	6500	7000	4000	4500	5000	5500	6000	5000	5500	6000	6500	7000	水属性翠榴石戒指
2041	0	3	0	6	2	n	n	n	n	200000	100000	1000	1200	2000	2500	3000	4500	5000	5500	6000	6500	4000	4500	5000	5500	6000	4000	3500	3000	2500	2000	水属性祖母绿戒指
2042	0	3	0	7	2	n	n	n	n	200000	100000	500	800	1100	1400	1700	1500	1800	2100	2400	2700	3000	3500	4000	4500	5000	4000	3500	3000	2500	2000	水属性海蓝宝石戒指
2043	0	3	0	8	2	n	n	n	n	200000	100000	200	250	300	400	500	500	750	1000	1250	1500	2000	2250	2500	2750	3000	3000	3000	3000	3000	3000	水属性红宝石戒指
2044	0	3	0	9	2	n	n	n	n	200000	100000	100	150	150	200	300	300	350	400	450	500	800	1200	1600	2000	2400	2500	2300	2100	1900	1700	水属性蓝宝石戒指
2045	0	3	0	10	2	n	n	n	n	200000	100000	0	50	80	120	150	150	180	210	240	270	500	600	700	800	900	1800	2300	2800	3300	3800	水属性钻石戒指
2046	0	3	0	1	3	n	n	n	n	100000	50000	10000	9000	10000	9000	8000	8000	7500	7000	6500	6000	6000	5500	5000	4500	4000	6000	5500	5000	4500	4000	火属性黄玉戒指
2047	0	3	0	2	3	n	n	n	n	100000	50000	10000	9000	10000	9000	8000	8000	7500	7000	6500	6000	6000	5500	5000	4500	4000	6000	5500	5000	4500	4000	火属性橄榄石戒指
2048	0	3	0	3	3	n	n	n	n	150000	80000	5000	5500	7000	7500	8000	6000	6500	7000	7500	8000	6000	6500	7000	7500	8000	5000	5500	6000	6500	7000	火属性芙蓉石戒指
2049	0	3	0	4	3	n	n	n	n	150000	80000	3000	3500	5000	5500	6000	5000	5500	6000	6500	7000	5000	5500	6000	6500	7000	6000	6500	7000	7500	8000	火属性翡翠戒指
2050	0	3	0	5	3	n	n	n	n	200000	100000	2000	2500	3000	3500	4000	5000	5500	6000	6500	7000	4000	4500	5000	5500	6000	5000	5500	6000	6500	7000	火属性翠榴石戒指
2051	0	3	0	6	3	n	n	n	n	200000	100000	1000	1200	2000	2500	3000	4500	5000	5500	6000	6500	4000	4500	5000	5500	6000	4000	3500	3000	2500	2000	火属性祖母绿戒指
2052	0	3	0	7	3	n	n	n	n	200000	100000	500	800	1100	1400	1700	1500	1800	2100	2400	2700	3000	3500	4000	4500	5000	4000	3500	3000	2500	2000	火属性海蓝宝石戒指
2053	0	3	0	8	3	n	n	n	n	200000	100000	200	250	300	400	500	500	750	1000	1250	1500	2000	2250	2500	2750	3000	3000	3000	3000	3000	3000	火属性红宝石戒指
2054	0	3	0	9	3	n	n	n	n	200000	100000	100	150	150	200	300	300	350	400	450	500	800	1200	1600	2000	2400	2500	2300	2100	1900	1700	火属性蓝宝石戒指
2055	0	3	0	10	3	n	n	n	n	200000	100000	0	50	80	120	150	150	180	210	240	270	500	600	700	800	900	1800	2300	2800	3300	3800	火属性钻石戒指
2056	0	3	0	1	4	n	n	n	n	100000	50000	10000	9000	10000	9000	8000	8000	7500	7000	6500	6000	6000	5500	5000	4500	4000	6000	5500	5000	4500	4000	土属性黄玉戒指
2057	0	3	0	2	4	n	n	n	n	100000	50000	10000	9000	10000	9000	8000	8000	7500	7000	6500	6000	6000	5500	5000	4500	4000	6000	5500	5000	4500	4000	土属性橄榄石戒指
2058	0	3	0	3	4	n	n	n	n	150000	80000	5000	5500	7000	7500	8000	6000	6500	7000	7500	8000	6000	6500	7000	7500	8000	5000	5500	6000	6500	7000	土属性芙蓉石戒指
2059	0	3	0	4	4	n	n	n	n	150000	80000	3000	3500	5000	5500	6000	5000	5500	6000	6500	7000	5000	5500	6000	6500	7000	6000	6500	7000	7500	8000	土属性翡翠戒指
2060	0	3	0	5	4	n	n	n	n	200000	100000	2000	2500	3000	3500	4000	5000	5500	6000	6500	7000	4000	4500	5000	5500	6000	5000	5500	6000	6500	7000	土属性翠榴石戒指
2061	0	3	0	6	4	n	n	n	n	200000	100000	1000	1200	2000	2500	3000	4500	5000	5500	6000	6500	4000	4500	5000	5500	6000	4000	3500	3000	2500	2000	土属性祖母绿戒指
2062	0	3	0	7	4	n	n	n	n	200000	100000	500	800	1100	1400	1700	1500	1800	2100	2400	2700	3000	3500	4000	4500	5000	4000	3500	3000	2500	2000	土属性海蓝宝石戒指
2063	0	3	0	8	4	n	n	n	n	200000	100000	200	250	300	400	500	500	750	1000	1250	1500	2000	2250	2500	2750	3000	3000	3000	3000	3000	3000	土属性红宝石戒指
2064	0	3	0	9	4	n	n	n	n	200000	100000	100	150	150	200	300	300	350	400	450	500	800	1200	1600	2000	2400	2500	2300	2100	1900	1700	土属性蓝宝石戒指
2065	0	3	0	10	4	n	n	n	n	200000	100000	0	50	80	120	150	150	180	210	240	270	500	600	700	800	900	1800	2300	2800	3300	3800	土属性钻石戒指
2066	0	3	0	n	n	85	增加生命上限	1	40	160000	30000	5000	6000	4000	4500	5000	6000	5500	5000	4500	4000	8000	7500	7000	6500	6000	10000	9000	8000	7000	6000	戒指
2067	0	3	0	n	n	85	增加生命上限	41	80	400000	100000	1000	1200	1500	1800	2100	4000	4500	5000	5500	6000	5000	5500	6000	6500	7000	6000	6500	7000	7500	8000	戒指
2068	0	3	0	n	n	85	增加生命上限	81	120	1200000	200000	300	400	500	600	700	700	800	900	1000	1100	900	1000	1100	1200	1300	1200	1400	1600	1800	2000	戒指
2069	0	3	0	n	n	85	增加生命上限	121	200	3000000	500000	30	50	70	80	90	70	90	110	130	150	120	150	180	210	240	200	220	240	260	280	戒指
2070	0	3	0	n	n	89	增加内力上限	1	40	160000	40000	5000	6000	4000	4500	5000	6000	5500	5000	4500	4000	8000	7500	7000	6500	6000	10000	9000	8000	7000	6000	戒指
2071	0	3	0	n	n	89	增加内力上限	41	80	300000	100000	1000	1200	1500	1800	2100	4000	4500	5000	5500	6000	5000	5500	6000	6500	7000	6000	6500	7000	7500	8000	戒指
2072	0	3	0	n	n	89	增加内力上限	81	120	800000	200000	300	400	500	600	700	700	800	900	1000	1100	900	1000	1100	1200	1300	1200	1400	1600	1800	2000	戒指
2073	0	3	0	n	n	89	增加内力上限	121	200	2000000	500000	30	50	70	80	90	70	90	110	130	150	120	150	180	210	240	200	220	240	260	280	戒指
2074	0	3	0	n	n	93	增加体力上限	1	40	100000	50000	5000	6000	4000	4500	5000	6000	5500	5000	4500	4000	8000	7500	7000	6500	6000	10000	9000	8000	7000	6000	戒指
2075	0	3	0	n	n	93	增加体力上限	41	80	200000	100000	1000	1200	1500	1800	2100	4000	4500	5000	5500	6000	5000	5500	6000	6500	7000	6000	6500	7000	7500	8000	戒指
2076	0	3	0	n	n	93	增加体力上限	81	120	500000	200000	300	400	500	600	700	700	800	900	1000	1100	900	1000	1100	1200	1300	1200	1400	1600	1800	2000	戒指
2077	0	3	0	n	n	93	增加体力上限	121	200	1000000	500000	30	50	70	80	90	70	90	110	130	150	120	150	180	210	240	200	220	240	260	280	戒指
2078	0	3	0	n	n	96	每半秒回复体力	1	9	300000	500000	100	100	100	100	100	100	100	100	100	100	100	100	100	100	100	100	100	100	100	100	戒指
2079	0	3	0	n	n	97	增加力量	1	10	200000	200000	2000	3000	4000	4500	5000	6000	5500	5000	4500	4000	8000	7500	7000	6500	6000	10000	9000	8000	7000	6000	戒指
2080	0	3	0	n	n	97	增加力量	11	15	2000000	1000000	100	120	150	200	250	200	240	280	320	360	300	400	500	600	700	500	550	600	650	700	戒指
2081	0	3	0	n	n	98	增加身法	1	10	200000	100000	3000	4000	4000	4500	5000	6000	5500	5000	4500	4000	8000	7500	7000	6500	6000	10000	9000	8000	7000	6000	戒指
2082	0	3	0	n	n	98	增加身法	11	16	2000000	500000	100	120	150	200	250	200	240	280	320	360	300	400	500	600	700	500	550	600	650	700	戒指
2083	0	3	0	n	n	99	增加外功	1	10	200000	100000	3000	4000	4000	4500	5000	6000	5500	5000	4500	4000	8000	7500	7000	6500	6000	10000	9000	8000	7000	6000	戒指
2084	0	3	0	n	n	99	增加外功	11	18	2000000	500000	100	120	150	200	250	200	240	280	320	360	300	400	500	600	700	500	550	600	650	700	戒指
2085	0	3	0	n	n	101	增加毒防	1	5	200000	50000	5000	6000	4000	4500	5000	6000	5500	5000	4500	4000	8000	7500	7000	6500	6000	10000	9000	8000	7000	6000	戒指
2086	0	3	0	n	n	101	增加毒防	6	14	300000	100000	1000	1200	1500	1800	2100	1400	1600	1800	2000	2200	2000	2500	3000	3500	4000	3000	3500	4000	4500	5000	戒指
2087	0	3	0	n	n	101	增加毒防	15	20	1000000	500000	200	300	400	450	500	400	450	500	550	600	500	550	600	650	700	500	600	700	800	900	戒指
2088	0	3	0	n	n	105	增加冰防	1	5	200000	50000	5000	6000	4000	4500	5000	6000	5500	5000	4500	4000	8000	7500	7000	6500	6000	10000	9000	8000	7000	6000	戒指
2089	0	3	0	n	n	105	增加冰防	6	14	300000	100000	1000	1200	1500	1800	2100	1400	1600	1800	2000	2200	2000	2500	3000	3500	4000	3000	3500	4000	4500	5000	戒指
2090	0	3	0	n	n	105	增加冰防	15	20	2000000	500000	200	300	400	450	500	400	450	500	550	600	500	550	600	650	700	500	600	700	800	900	戒指
2091	0	3	0	n	n	102	增加火防	1	5	200000	50000	5000	6000	4000	4500	5000	6000	5500	5000	4500	4000	8000	7500	7000	6500	6000	10000	9000	8000	7000	6000	戒指
2092	0	3	0	n	n	102	增加火防	6	14	300000	100000	1000	1200	1500	1800	2100	1400	1600	1800	2000	2200	2000	2500	3000	3500	4000	3000	3500	4000	4500	5000	戒指
2093	0	3	0	n	n	102	增加火防	15	20	2000000	500000	200	300	400	450	500	400	450	500	550	600	500	550	600	650	700	500	600	700	800	900	戒指
2094	0	3	0	n	n	103	增加雷防	1	5	200000	50000	5000	6000	4000	4500	5000	6000	5500	5000	4500	4000	8000	7500	7000	6500	6000	10000	9000	8000	7000	6000	戒指
2095	0	3	0	n	n	103	增加雷防	6	17	300000	100000	1000	1200	1500	1800	2100	1400	1600	1800	2000	2200	2000	2500	3000	3500	4000	3000	3500	4000	4500	5000	戒指
2096	0	3	0	n	n	103	增加雷防	18	22	2000000	500000	200	300	400	450	500	400	450	500	550	600	500	550	600	650	700	500	600	700	800	900	戒指
2097	0	4	0	n	0	n	n	n	n	40000	20000	3500	3000	3500	2700	2000	2700	2400	2000	1700	1400	2000	1900	1700	1500	1400	1700	1500	1400	1200	1000	金属性项链
2098	0	4	0	n	1	n	n	n	n	40000	20000	3500	3000	3500	2700	2000	2700	2400	2000	1700	1400	2000	1900	1700	1500	1400	1700	1500	1400	1200	1000	木属性项链
2099	0	4	0	n	2	n	n	n	n	40000	20000	3500	3000	3500	2700	2000	2700	2400	2000	1700	1400	2000	1900	1700	1500	1400	1700	1500	1400	1200	1000	水属性项链
2100	0	4	0	n	3	n	n	n	n	40000	20000	3500	3000	3500	2700	2000	2700	2400	2000	1700	1400	2000	1900	1700	1500	1400	1700	1500	1400	1200	1000	火属性项链
2101	0	4	0	n	4	n	n	n	n	40000	20000	3500	3000	3500	3000	2000	2700	2400	2000	1700	1400	2000	1900	1700	1500	1400	1700	1500	1400	1200	1000	土属性项链
2102	0	4	0	1	n	n	n	n	n	40000	25000	3500	3000	3500	3000	2700	2700	2500	2400	2200	2000	2000	1900	1700	1500	1400	2000	1900	1700	1500	1400	铜项链
2103	0	4	0	2	n	n	n	n	n	40000	20000	3500	3000	3500	3000	2700	2700	2500	2400	2200	2000	2000	1900	1700	1500	1400	2000	1900	1700	1500	1400	银项链
2104	0	4	0	3	n	n	n	n	n	60000	30000	1600	1900	2400	2500	2700	2000	2200	2400	2500	2700	2000	2200	2400	2500	2700	1700	1900	2000	2200	2400	金项链
2105	0	4	0	4	n	n	n	n	n	60000	30000	1000	1200	1600	1900	2000	1700	1900	2000	2200	2400	1700	1900	2000	2200	2400	2000	2200	2400	2500	2700	白金项链
2106	0	4	0	5	n	n	n	n	n	80000	35000	700	900	1000	1200	1400	1700	1900	2000	2200	2400	1400	1500	1700	1900	2000	1700	1900	2000	2200	2400	玉珠项链
2107	0	4	0	6	n	n	n	n	n	80000	35000	350	400	700	900	1000	1500	1700	1900	2000	2200	1400	1500	1700	1900	2000	1400	1200	1000	840	700	绿松石项链
2108	0	4	0	7	n	n	n	n	n	80000	40000	160	270	270	500	600	500	600	700	800	900	1000	1200	1400	1500	1700	1400	1200	1000	840	700	水晶项链
2109	0	4	0	8	n	n	n	n	n	80000	40000	70	90	100	140	170	170	250	340	420	500	700	800	900	920	1000	1000	1000	1000	1000	1000	孔雀石项链
2110	0	4	0	9	n	n	n	n	n	80000	40000	35	50	50	70	100	100	120	140	150	170	270	400	600	700	800	900	800	700	640	600	珍珠项链
2111	0	4	0	10	n	n	n	n	n	80000	40000	0	16	27	40	50	50	60	70	80	90	170	200	240	270	300	600	800	940	1100	1300	钻石项链
2112	0	4	0	1	0	n	n	n	n	40000	50000	3400	3000	3400	3000	2700	2700	2500	2400	2200	2000	2000	1900	1700	1500	1700	2000	1900	1700	1500	1700	金属性铜项链
2113	0	4	0	2	0	n	n	n	n	40000	50000	3400	3000	3400	3000	2700	2700	2500	2400	2200	2000	2000	1900	1700	1500	1700	2000	1900	1700	1500	1700	金属性银项链
2114	0	4	0	3	0	n	n	n	n	60000	80000	1700	1900	2400	2500	2700	2000	2200	2400	2500	2700	2000	2200	2400	2500	2700	1700	1900	2000	2200	2400	金属性金项链
2115	0	4	0	4	0	n	n	n	n	60000	80000	1000	1200	1700	1900	2000	1700	1900	2000	2200	2400	1700	1900	2000	2200	2400	2000	2200	2400	2500	2700	金属性白金项链
2116	0	4	0	5	0	n	n	n	n	80000	100000	700	900	1000	1200	1400	1700	1900	2000	2200	2400	1400	1500	1700	1900	2000	1700	1900	2000	2200	2400	金属性玉珠项链
2117	0	4	0	6	0	n	n	n	n	80000	100000	340	400	700	900	1000	1500	1700	1900	2000	2200	1400	1500	1700	1900	2000	1400	1200	1000	840	700	金属性绿松石项链
2118	0	4	0	7	0	n	n	n	n	80000	100000	170	270	400	500	600	500	600	700	800	900	1000	1200	1400	1500	1700	1400	1200	1000	840	700	金属性水晶项链
2119	0	4	0	8	0	n	n	n	n	80000	100000	70	90	100	140	170	170	250	340	420	500	700	800	900	920	1000	1000	1000	1000	1000	1000	金属性孔雀石项链
2120	0	4	0	9	0	n	n	n	n	80000	100000	34	50	50	70	100	100	120	170	150	170	270	400	540	700	800	840	800	2100	640	600	金属性珍珠项链
2121	0	4	0	10	0	n	n	n	n	80000	100000	0	17	27	40	50	50	60	70	80	90	170	200	240	270	300	600	800	2800	1100	1300	金属性钻石项链
2122	0	4	0	1	1	n	n	n	n	40000	50000	3400	3000	3400	3000	2700	2700	2500	2400	2200	2000	2000	1900	1700	1500	1700	2000	1900	1700	1500	1700	木属性铜项链
2123	0	4	0	2	1	n	n	n	n	40000	50000	3400	3000	3400	3000	2700	2700	2500	2400	2200	2000	2000	1900	1700	1500	1700	2000	1900	1700	1500	1700	木属性银项链
2124	0	4	0	3	1	n	n	n	n	60000	80000	1700	1900	2400	2500	2700	2000	2200	2400	2500	2700	2000	2200	2400	2500	2700	1700	1900	2000	2200	2400	木属性金项链
2125	0	4	0	4	1	n	n	n	n	60000	80000	1000	1200	1700	1900	2000	1700	1900	2000	2200	2400	1700	1900	2000	2200	2400	2000	2200	2400	2500	2700	木属性白金项链
2126	0	4	0	5	1	n	n	n	n	80000	100000	700	900	1000	1200	1400	1700	1900	2000	2200	2400	1400	1500	1700	1900	2000	1700	1900	2000	2200	2400	木属性玉珠项链
2127	0	4	0	6	1	n	n	n	n	80000	100000	340	400	700	900	1000	1500	1700	1900	2000	2200	1400	1500	1700	1900	2000	1400	1200	1000	840	700	木属性绿松石项链
2128	0	4	0	7	1	n	n	n	n	80000	100000	170	270	400	500	600	500	600	700	800	900	1000	1200	1400	1500	1700	1400	1200	1000	840	700	木属性水晶项链
2129	0	4	0	8	1	n	n	n	n	80000	100000	70	90	100	140	170	170	250	340	420	500	700	800	900	920	1000	1000	1000	1000	1000	1000	木属性孔雀石项链
2130	0	4	0	9	1	n	n	n	n	80000	100000	34	50	50	70	100	100	120	170	150	170	270	400	540	700	800	840	800	2100	640	600	木属性珍珠项链
2131	0	4	0	10	1	n	n	n	n	80000	100000	0	17	27	40	50	50	60	70	80	90	170	200	240	270	300	600	800	2800	1100	1300	木属性钻石项链
2132	0	4	0	1	2	n	n	n	n	40000	50000	3400	3000	3400	3000	2700	2700	2500	2400	2200	2000	2000	1900	1700	1500	1700	2000	1900	1700	1500	1700	水属性铜项链
2133	0	4	0	2	2	n	n	n	n	40000	50000	3400	3000	3400	3000	2700	2700	2500	2400	2200	2000	2000	1900	1700	1500	1700	2000	1900	1700	1500	1700	水属性银项链
2134	0	4	0	3	2	n	n	n	n	60000	80000	1700	1900	2400	2500	2700	2000	2200	2400	2500	2700	2000	2200	2400	2500	2700	1700	1900	2000	2200	2400	水属性金项链
2135	0	4	0	4	2	n	n	n	n	60000	80000	1000	1200	1700	1900	2000	1700	1900	2000	2200	2400	1700	1900	2000	2200	2400	2000	2200	2400	2500	2700	水属性白金项链
2136	0	4	0	5	2	n	n	n	n	80000	100000	700	900	1000	1200	1400	1700	1900	2000	2200	2400	1400	1500	1700	1900	2000	1700	1900	2000	2200	2400	水属性玉珠项链
2137	0	4	0	6	2	n	n	n	n	80000	100000	340	400	700	900	1000	1500	1700	1900	2000	2200	1400	1500	1700	1900	2000	1400	1200	1000	840	700	水属性绿松石项链
2138	0	4	0	7	2	n	n	n	n	80000	100000	170	270	400	500	600	500	600	700	800	900	1000	1200	1400	1500	1700	1400	1200	1000	840	700	水属性水晶项链
2139	0	4	0	8	2	n	n	n	n	80000	100000	70	90	100	140	170	170	250	340	420	500	700	800	900	920	1000	1000	1000	1000	1000	1000	水属性孔雀石项链
2140	0	4	0	9	2	n	n	n	n	80000	100000	34	50	50	70	100	100	120	170	150	170	270	400	540	700	800	840	800	2100	640	600	水属性珍珠项链
2141	0	4	0	10	2	n	n	n	n	80000	100000	0	17	27	40	50	50	60	70	80	90	170	200	240	270	300	600	800	2800	1100	1300	水属性钻石项链
2142	0	4	0	1	3	n	n	n	n	40000	50000	3400	3000	3400	3000	2700	2700	2500	2400	2200	2000	2000	1900	1700	1500	1700	2000	1900	1700	1500	1700	火属性铜项链
2143	0	4	0	2	3	n	n	n	n	40000	50000	3400	3000	3400	3000	2700	2700	2500	2400	2200	2000	2000	1900	1700	1500	1700	2000	1900	1700	1500	1700	火属性银项链
2144	0	4	0	3	3	n	n	n	n	60000	80000	1700	1900	2400	2500	2700	2000	2200	2400	2500	2700	2000	2200	2400	2500	2700	1700	1900	2000	2200	2400	火属性金项链
2145	0	4	0	4	3	n	n	n	n	60000	80000	1000	1200	1700	1900	2000	1700	1900	2000	2200	2400	1700	1900	2000	2200	2400	2000	2200	2400	2500	2700	火属性白金项链
2146	0	4	0	5	3	n	n	n	n	80000	100000	700	900	1000	1200	1400	1700	1900	2000	2200	2400	1400	1500	1700	1900	2000	1700	1900	2000	2200	2400	火属性玉珠项链
2147	0	4	0	6	3	n	n	n	n	80000	100000	340	400	700	900	1000	1500	1700	1900	2000	2200	1400	1500	1700	1900	2000	1400	1200	1000	840	700	火属性绿松石项链
2148	0	4	0	7	3	n	n	n	n	80000	100000	170	270	400	500	600	500	600	700	800	900	1000	1200	1400	1500	1700	1400	1200	1000	840	700	火属性水晶项链
2149	0	4	0	8	3	n	n	n	n	80000	100000	70	90	100	140	170	170	250	340	420	500	700	800	900	920	1000	1000	1000	1000	1000	1000	火属性孔雀石项链
2150	0	4	0	9	3	n	n	n	n	80000	100000	34	50	50	70	100	100	120	170	150	170	270	400	540	700	800	840	800	2100	640	600	火属性珍珠项链
2151	0	4	0	10	3	n	n	n	n	80000	100000	0	17	27	40	50	50	60	70	80	90	170	200	240	270	300	600	800	2800	1100	1300	火属性钻石项链
2152	0	4	0	1	4	n	n	n	n	40000	50000	3400	3000	3400	3000	2700	2700	2500	2400	2200	2000	2000	1900	1700	1500	1700	2000	1900	1700	1500	1700	土属性铜项链
2153	0	4	0	2	4	n	n	n	n	40000	50000	3400	3000	3400	3000	2700	2700	2500	2400	2200	2000	2000	1900	1700	1500	1700	2000	1900	1700	1500	1700	土属性银项链
2154	0	4	0	3	4	n	n	n	n	60000	80000	1700	1900	2400	2500	2700	2000	2200	2400	2500	2700	2000	2200	2400	2500	2700	1700	1900	2000	2200	2400	土属性金项链
2155	0	4	0	4	4	n	n	n	n	60000	80000	1000	1200	1700	1900	2000	1700	1900	2000	2200	2400	1700	1900	2000	2200	2400	2000	2200	2400	2500	2700	土属性白金项链
2156	0	4	0	5	4	n	n	n	n	80000	100000	700	900	1000	1200	1400	1700	1900	2000	2200	2400	1400	1500	1700	1900	2000	1700	1900	2000	2200	2400	土属性玉珠项链
2157	0	4	0	6	4	n	n	n	n	80000	100000	340	400	700	900	1000	1500	1700	1900	2000	2200	1400	1500	1700	1900	2000	1400	1200	1000	840	700	土属性绿松石项链
2158	0	4	0	7	4	n	n	n	n	80000	100000	170	270	400	500	600	500	600	700	800	900	1000	1200	1400	1500	1700	1400	1200	1000	840	700	土属性水晶项链
2159	0	4	0	8	4	n	n	n	n	80000	100000	70	90	100	140	170	170	250	340	420	500	700	800	900	920	1000	1000	1000	1000	1000	1000	土属性孔雀石项链
2160	0	4	0	9	4	n	n	n	n	80000	100000	34	50	50	70	100	100	120	170	150	170	270	400	540	700	800	840	800	2100	640	600	土属性珍珠项链
2161	0	4	0	10	4	n	n	n	n	80000	100000	0	17	27	40	50	50	60	70	80	90	170	200	240	270	300	600	800	2800	400	1300	土属性钻石项链
2162	0	4	0	n	n	85	增加生命上限	1	40	80000	30000	1700	2000	1400	1500	1700	2000	1900	1700	1500	1400	2700	2500	2400	2200	2000	3400	3000	2700	2400	2000	项链
2163	0	4	0	n	n	85	增加生命上限	41	80	200000	100000	340	400	500	600	700	1400	1500	1700	1900	2000	1700	1900	2000	2200	2400	2000	2200	2400	2500	2700	项链
2164	0	4	0	n	n	85	增加生命上限	81	120	1200000	200000	100	140	170	200	240	240	270	300	340	400	300	340	400	400	440	400	500	540	600	700	项链
2165	0	4	0	n	n	85	增加生命上限	121	200	3000000	500000	10	17	24	27	30	24	30	40	44	50	40	50	60	70	80	70	74	80	90	90	项链
2166	0	4	0	n	n	89	增加内力上限	1	40	80000	40000	1700	2000	1400	1500	1700	2000	1900	1700	1500	1400	2700	2500	2400	2200	2000	3400	3000	2700	2400	2000	项链
2167	0	4	0	n	n	89	增加内力上限	41	80	150000	100000	340	400	500	600	700	1400	1500	1700	1900	2000	1700	1900	2000	2200	2400	2000	2200	2400	2500	2700	项链
2168	0	4	0	n	n	89	增加内力上限	81	120	800000	200000	100	140	170	200	240	240	270	300	340	400	300	340	400	400	440	400	500	540	600	700	项链
2169	0	4	0	n	n	89	增加内力上限	121	200	2000000	500000	10	17	24	27	30	24	30	40	44	50	40	50	60	70	80	70	74	80	90	90	项链
2170	0	4	0	n	n	93	增加体力上限	1	40	50000	50000	1700	2000	1400	1500	1700	2000	1900	1700	1500	1400	2700	2500	2400	2200	2000	3400	3000	2700	2400	2000	项链
2171	0	4	0	n	n	93	增加体力上限	41	80	100000	100000	340	400	500	600	700	1400	1500	1700	1900	2000	1700	1900	2000	2200	2400	2000	2200	2400	2500	2700	项链
2172	0	4	0	n	n	93	增加体力上限	81	120	300000	200000	100	140	170	200	240	240	270	300	340	400	300	340	400	400	440	400	500	540	600	700	项链
2173	0	4	0	n	n	93	增加体力上限	121	200	500000	500000	10	17	24	27	30	24	30	40	44	50	40	50	60	70	80	70	74	80	90	90	项链
2174	0	4	0	n	n	96	每半秒回复体力	1	9	100000	500000	50	50	50	50	50	50	50	50	50	50	50	50	50	50	50	50	50	50	50	50	项链
2175	0	4	0	n	n	97	增加力量	1	10	100000	200000	700	1000	1400	1500	1700	2000	1900	1700	1500	1400	2700	2500	2400	2200	2000	3400	3000	2700	2400	2000	项链
2176	0	4	0	n	n	97	增加力量	11	15	1000000	1000000	34	40	50	70	84	70	80	94	107	120	100	140	170	200	240	170	190	200	220	240	项链
2177	0	4	0	n	n	98	增加身法	1	10	100000	100000	1000	1400	1400	1500	1700	2000	1900	1700	1500	1700	2700	2500	2400	2200	2000	10000	3000	2700	2400	2000	项链
2178	0	4	0	n	n	98	增加身法	11	16	1000000	500000	34	40	50	70	84	70	80	94	110	120	100	140	170	200	240	170	190	200	220	240	项链
2179	0	4	0	n	n	99	增加外功	1	10	100000	100000	1000	1400	1400	1500	1700	2000	1900	1700	1500	1700	2700	2500	2400	2200	2000	10000	3000	2700	2400	2000	项链
2180	0	4	0	n	n	99	增加外功	11	18	1000000	500000	34	40	50	70	84	70	80	94	110	120	100	140	170	200	240	170	190	200	220	240	项链
2181	0	4	0	n	n	101	增加毒防	1	5	100000	50000	1700	2000	1400	1500	1700	2000	1900	1700	1500	1400	2700	2500	2400	2200	2000	3400	3000	2700	2400	2000	项链
2182	0	4	0	n	n	101	增加毒防	6	14	150000	100000	340	400	500	600	700	470	540	600	700	740	700	840	1000	1200	1400	1000	1200	1400	1500	1700	项链
2183	0	4	0	n	n	101	增加毒防	15	20	500000	500000	70	100	140	150	170	170	150	170	190	200	170	190	200	220	240	170	200	240	270	300	项链
2184	0	4	0	n	n	105	增加冰防	1	5	100000	50000	1700	2000	1400	1500	1700	2000	1900	1700	1500	1400	2700	2500	2400	2200	2000	3400	3000	2700	2400	2000	项链
2185	0	4	0	n	n	105	增加冰防	6	14	150000	100000	340	400	500	600	700	470	540	600	700	740	700	840	1000	1200	1400	1000	1200	1400	1500	1700	项链
2186	0	4	0	n	n	105	增加冰防	15	20	1000000	500000	70	100	140	150	170	170	150	170	190	200	170	190	200	220	240	170	200	240	270	300	项链
2187	0	4	0	n	n	102	增加火防	1	5	100000	50000	1700	2000	1400	1500	1700	2000	1900	1700	1500	1400	2700	2500	2400	2200	2000	3400	3000	2700	2400	2000	项链
2188	0	4	0	n	n	102	增加火防	6	14	150000	100000	340	400	500	600	700	470	540	600	700	740	700	840	1000	1200	1400	1000	1200	1400	1500	1700	项链
2189	0	4	0	n	n	102	增加火防	15	20	1000000	500000	70	100	140	150	170	170	150	170	190	200	170	190	200	220	240	170	200	240	270	300	项链
2190	0	4	0	n	n	103	增加雷防	1	5	100000	50000	1700	2000	1400	1500	1700	2000	1900	1700	1500	1400	2700	2500	2400	2200	2000	3400	3000	2700	2400	2000	项链
2191	0	4	0	n	n	103	增加雷防	6	17	150000	100000	340	400	500	600	700	470	540	600	700	740	700	840	1000	1200	1400	1000	1200	1400	1500	1700	项链
2192	0	4	0	n	n	103	增加雷防	18	22	1000000	500000	70	100	140	150	170	170	150	170	190	200	170	190	200	220	240	170	200	240	270	300	项链
2193	0	4	1	n	0	n	n	n	n	40000	20000	3500	3000	3500	2700	2000	2700	2400	2000	1700	1400	2000	1900	1700	1500	1400	1700	1500	1400	1200	1000	金属性护身符
2194	0	4	1	n	1	n	n	n	n	40000	20000	3500	3000	3500	2700	2000	2700	2400	2000	1700	1400	2000	1900	1700	1500	1400	1700	1500	1400	1200	1000	木属性护身符
2195	0	4	1	n	2	n	n	n	n	40000	20000	3500	3000	3500	2700	2000	2700	2400	2000	1700	1400	2000	1900	1700	1500	1400	1700	1500	1400	1200	1000	水属性护身符
2196	0	4	1	n	3	n	n	n	n	40000	20000	3500	3000	3500	2700	2000	2700	2400	2000	1700	1400	2000	1900	1700	1500	1400	1700	1500	1400	1200	1000	火属性护身符
2197	0	4	1	n	4	n	n	n	n	40000	20000	3500	3000	3500	3000	2000	2700	2400	2000	1700	1400	2000	1900	1700	1500	1400	1700	1500	1400	1200	1000	土属性护身符
2198	0	4	1	1	n	n	n	n	n	40000	25000	3500	3000	3500	3000	2700	2700	2500	2400	2200	2000	2000	1900	1700	1500	1400	2000	1900	1700	1500	1400	绿松石护身符
2199	0	4	1	2	n	n	n	n	n	40000	20000	3500	3000	3500	3000	2700	2700	2500	2400	2200	2000	2000	1900	1700	1500	1400	2000	1900	1700	1500	1400	珊瑚护身符
2200	0	4	1	3	n	n	n	n	n	60000	30000	1600	1900	2400	2500	2700	2000	2200	2400	2500	2700	2000	2200	2400	2500	2700	1700	1900	2000	2200	2400	猫眼护身符
2201	0	4	1	4	n	n	n	n	n	60000	30000	1000	1200	1600	1900	2000	1700	1900	2000	2200	2400	1700	1900	2000	2200	2400	2000	2200	2400	2500	2700	虎睛护身符
2202	0	4	1	5	n	n	n	n	n	80000	35000	700	900	1000	1200	1400	1700	1900	2000	2200	2400	1400	1500	1700	1900	2000	1700	1900	2000	2200	2400	水晶护身符
2203	0	4	1	6	n	n	n	n	n	80000	35000	350	400	700	900	1000	1500	1700	1900	2000	2200	1400	1500	1700	1900	2000	1400	1200	1000	840	700	琥珀护身符
2204	0	4	1	7	n	n	n	n	n	80000	40000	160	270	270	500	600	500	600	700	800	900	1000	1200	1400	1500	1700	1400	1200	1000	840	700	白翡翠护身符
2205	0	4	1	8	n	n	n	n	n	80000	40000	70	90	100	140	170	170	250	340	420	500	700	800	900	920	1000	1000	1000	1000	1000	1000	红翡翠护身符
2206	0	4	1	9	n	n	n	n	n	80000	40000	35	50	50	70	100	100	120	140	150	170	270	400	600	700	800	900	800	700	640	600	紫翡翠护身符
2207	0	4	1	10	n	n	n	n	n	80000	40000	0	16	27	40	50	50	60	70	80	90	170	200	240	270	300	600	800	940	1100	1300	绿翡翠护身符
2208	0	4	1	1	0	n	n	n	n	40000	50000	3400	3000	3400	3000	2700	2700	2500	2400	2200	2000	2000	1900	1700	1500	1700	2000	1900	1700	1500	1700	金属性绿松石护身符
2209	0	4	1	2	0	n	n	n	n	40000	50000	3400	3000	3400	3000	2700	2700	2500	2400	2200	2000	2000	1900	1700	1500	1700	2000	1900	1700	1500	1700	金属性珊瑚护身符
2210	0	4	1	3	0	n	n	n	n	60000	80000	1700	1900	2400	2500	2700	2000	2200	2400	2500	2700	2000	2200	2400	2500	2700	1700	1900	2000	2200	2400	金属性猫眼护身符
2211	0	4	1	4	0	n	n	n	n	60000	80000	1000	1200	1700	1900	2000	1700	1900	2000	2200	2400	1700	1900	2000	2200	2400	2000	2200	2400	2500	2700	金属性虎睛护身符
2212	0	4	1	5	0	n	n	n	n	80000	100000	700	900	1000	1200	1400	1700	1900	2000	2200	2400	1400	1500	1700	1900	2000	1700	1900	2000	2200	2400	金属性水晶护身符
2213	0	4	1	6	0	n	n	n	n	80000	100000	340	400	700	900	1000	1500	1700	1900	2000	2200	1400	1500	1700	1900	2000	1400	1200	1000	840	700	金属性琥珀护身符
2214	0	4	1	7	0	n	n	n	n	80000	100000	170	270	400	500	600	500	600	700	800	900	1000	1200	1400	1500	1700	1400	1200	1000	840	700	金属性白翡翠护身符
2215	0	4	1	8	0	n	n	n	n	80000	100000	70	90	100	140	170	170	250	340	420	500	700	800	900	920	1000	1000	1000	1000	1000	1000	金属性红翡翠护身符
2216	0	4	1	9	0	n	n	n	n	80000	100000	34	50	50	70	100	100	120	170	150	170	270	400	540	700	800	840	800	2100	640	600	金属性紫翡翠护身符
2217	0	4	1	10	0	n	n	n	n	80000	100000	0	17	27	40	50	50	60	70	80	90	170	200	240	270	300	600	800	2800	1100	1300	金属性绿翡翠护身符
2218	0	4	1	1	1	n	n	n	n	40000	50000	3400	3000	3400	3000	2700	2700	2500	2400	2200	2000	2000	1900	1700	1500	1700	2000	1900	1700	1500	1700	木属性绿松石护身符
2219	0	4	1	2	1	n	n	n	n	40000	50000	3400	3000	3400	3000	2700	2700	2500	2400	2200	2000	2000	1900	1700	1500	1700	2000	1900	1700	1500	1700	木属性珊瑚护身符
2220	0	4	1	3	1	n	n	n	n	60000	80000	1700	1900	2400	2500	2700	2000	2200	2400	2500	2700	2000	2200	2400	2500	2700	1700	1900	2000	2200	2400	木属性猫眼护身符
2221	0	4	1	4	1	n	n	n	n	60000	80000	1000	1200	1700	1900	2000	1700	1900	2000	2200	2400	1700	1900	2000	2200	2400	2000	2200	2400	2500	2700	木属性虎睛护身符
2222	0	4	1	5	1	n	n	n	n	80000	100000	700	900	1000	1200	1400	1700	1900	2000	2200	2400	1400	1500	1700	1900	2000	1700	1900	2000	2200	2400	木属性水晶护身符
2223	0	4	1	6	1	n	n	n	n	80000	100000	340	400	700	900	1000	1500	1700	1900	2000	2200	1400	1500	1700	1900	2000	1400	1200	1000	840	700	木属性琥珀护身符
2224	0	4	1	7	1	n	n	n	n	80000	100000	170	270	400	500	600	500	600	700	800	900	1000	1200	1400	1500	1700	1400	1200	1000	840	700	木属性白翡翠护身符
2225	0	4	1	8	1	n	n	n	n	80000	100000	70	90	100	140	170	170	250	340	420	500	700	800	900	920	1000	1000	1000	1000	1000	1000	木属性红翡翠护身符
2226	0	4	1	9	1	n	n	n	n	80000	100000	34	50	50	70	100	100	120	170	150	170	270	400	540	700	800	840	800	2100	640	600	木属性紫翡翠护身符
2227	0	4	1	10	1	n	n	n	n	80000	100000	0	17	27	40	50	50	60	70	80	90	170	200	240	270	300	600	800	2800	1100	1300	木属性绿翡翠护身符
2228	0	4	1	1	2	n	n	n	n	40000	50000	3400	3000	3400	3000	2700	2700	2500	2400	2200	2000	2000	1900	1700	1500	1700	2000	1900	1700	1500	1700	水属性绿松石护身符
2229	0	4	1	2	2	n	n	n	n	40000	50000	3400	3000	3400	3000	2700	2700	2500	2400	2200	2000	2000	1900	1700	1500	1700	2000	1900	1700	1500	1700	水属性珊瑚护身符
2230	0	4	1	3	2	n	n	n	n	60000	80000	1700	1900	2400	2500	2700	2000	2200	2400	2500	2700	2000	2200	2400	2500	2700	1700	1900	2000	2200	2400	水属性猫眼护身符
2231	0	4	1	4	2	n	n	n	n	60000	80000	1000	1200	1700	1900	2000	1700	1900	2000	2200	2400	1700	1900	2000	2200	2400	2000	2200	2400	2500	2700	水属性虎睛护身符
2232	0	4	1	5	2	n	n	n	n	80000	100000	700	900	1000	1200	1400	1700	1900	2000	2200	2400	1400	1500	1700	1900	2000	1700	1900	2000	2200	2400	水属性水晶护身符
2233	0	4	1	6	2	n	n	n	n	80000	100000	340	400	700	900	1000	1500	1700	1900	2000	2200	1400	1500	1700	1900	2000	1400	1200	1000	840	700	水属性琥珀护身符
2234	0	4	1	7	2	n	n	n	n	80000	100000	170	270	400	500	600	500	600	700	800	900	1000	1200	1400	1500	1700	1400	1200	1000	840	700	水属性白翡翠护身符
2235	0	4	1	8	2	n	n	n	n	80000	100000	70	90	100	140	170	170	250	340	420	500	700	800	900	920	1000	1000	1000	1000	1000	1000	水属性红翡翠护身符
2236	0	4	1	9	2	n	n	n	n	80000	100000	34	50	50	70	100	100	120	170	150	170	270	400	540	700	800	840	800	2100	640	600	水属性紫翡翠护身符
2237	0	4	1	10	2	n	n	n	n	80000	100000	0	17	27	40	50	50	60	70	80	90	170	200	240	270	300	600	800	2800	1100	1300	水属性绿翡翠护身符
2238	0	4	1	1	3	n	n	n	n	40000	50000	3400	3000	3400	3000	2700	2700	2500	2400	2200	2000	2000	1900	1700	1500	1700	2000	1900	1700	1500	1700	火属性绿松石护身符
2239	0	4	1	2	3	n	n	n	n	40000	50000	3400	3000	3400	3000	2700	2700	2500	2400	2200	2000	2000	1900	1700	1500	1700	2000	1900	1700	1500	1700	火属性珊瑚护身符
2240	0	4	1	3	3	n	n	n	n	60000	80000	1700	1900	2400	2500	2700	2000	2200	2400	2500	2700	2000	2200	2400	2500	2700	1700	1900	2000	2200	2400	火属性猫眼护身符
2241	0	4	1	4	3	n	n	n	n	60000	80000	1000	1200	1700	1900	2000	1700	1900	2000	2200	2400	1700	1900	2000	2200	2400	2000	2200	2400	2500	2700	火属性虎睛护身符
2242	0	4	1	5	3	n	n	n	n	80000	100000	700	900	1000	1200	1400	1700	1900	2000	2200	2400	1400	1500	1700	1900	2000	1700	1900	2000	2200	2400	火属性水晶护身符
2243	0	4	1	6	3	n	n	n	n	80000	100000	340	400	700	900	1000	1500	1700	1900	2000	2200	1400	1500	1700	1900	2000	1400	1200	1000	840	700	火属性琥珀护身符
2244	0	4	1	7	3	n	n	n	n	80000	100000	170	270	400	500	600	500	600	700	800	900	1000	1200	1400	1500	1700	1400	1200	1000	840	700	火属性白翡翠护身符
2245	0	4	1	8	3	n	n	n	n	80000	100000	70	90	100	140	170	170	250	340	420	500	700	800	900	920	1000	1000	1000	1000	1000	1000	火属性红翡翠护身符
2246	0	4	1	9	3	n	n	n	n	80000	100000	34	50	50	70	100	100	120	170	150	170	270	400	540	700	800	840	800	2100	640	600	火属性紫翡翠护身符
2247	0	4	1	10	3	n	n	n	n	80000	100000	0	17	27	40	50	50	60	70	80	90	170	200	240	270	300	600	800	2800	1100	1300	火属性绿翡翠护身符
2248	0	4	1	1	4	n	n	n	n	40000	50000	3400	3000	3400	3000	2700	2700	2500	2400	2200	2000	2000	1900	1700	1500	1700	2000	1900	1700	1500	1700	土属性绿松石护身符
2249	0	4	1	2	4	n	n	n	n	40000	50000	3400	3000	3400	3000	2700	2700	2500	2400	2200	2000	2000	1900	1700	1500	1700	2000	1900	1700	1500	1700	土属性珊瑚护身符
2250	0	4	1	3	4	n	n	n	n	60000	80000	1700	1900	2400	2500	2700	2000	2200	2400	2500	2700	2000	2200	2400	2500	2700	1700	1900	2000	2200	2400	土属性猫眼护身符
2251	0	4	1	4	4	n	n	n	n	60000	80000	1000	1200	1700	1900	2000	1700	1900	2000	2200	2400	1700	1900	2000	2200	2400	2000	2200	2400	2500	2700	土属性虎睛护身符
2252	0	4	1	5	4	n	n	n	n	80000	100000	700	900	1000	1200	1400	1700	1900	2000	2200	2400	1400	1500	1700	1900	2000	1700	1900	2000	2200	2400	土属性水晶护身符
2253	0	4	1	6	4	n	n	n	n	80000	100000	340	400	700	900	1000	1500	1700	1900	2000	2200	1400	1500	1700	1900	2000	1400	1200	1000	840	700	土属性琥珀护身符
2254	0	4	1	7	4	n	n	n	n	80000	100000	170	270	400	500	600	500	600	700	800	900	1000	1200	1400	1500	1700	1400	1200	1000	840	700	土属性白翡翠护身符
2255	0	4	1	8	4	n	n	n	n	80000	100000	70	90	100	140	170	170	250	340	420	500	700	800	900	920	1000	1000	1000	1000	1000	1000	土属性红翡翠护身符
2256	0	4	1	9	4	n	n	n	n	80000	100000	34	50	50	70	100	100	120	170	150	170	270	400	540	700	800	840	800	2100	640	600	土属性紫翡翠护身符
2257	0	4	1	10	4	n	n	n	n	80000	100000	0	17	27	40	50	50	60	70	80	90	170	200	240	270	300	600	800	2800	400	1300	土属性绿翡翠护身符
2258	0	4	1	n	n	85	增加生命上限	1	40	80000	30000	1700	2000	1400	1500	1700	2000	1900	1700	1500	1400	2700	2500	2400	2200	2000	3400	3000	2700	2400	2000	护身符
2259	0	4	1	n	n	85	增加生命上限	41	80	200000	100000	340	400	500	600	700	1400	1500	1700	1900	2000	1700	1900	2000	2200	2400	2000	2200	2400	2500	2700	护身符
2260	0	4	1	n	n	85	增加生命上限	81	120	1200000	200000	100	140	170	200	240	240	270	300	340	400	300	340	400	400	440	400	500	540	600	700	护身符
2261	0	4	1	n	n	85	增加生命上限	121	200	3000000	500000	10	17	24	27	30	24	30	40	44	50	40	50	60	70	80	70	74	80	90	90	护身符
2262	0	4	1	n	n	89	增加内力上限	1	40	80000	40000	1700	2000	1400	1500	1700	2000	1900	1700	1500	1400	2700	2500	2400	2200	2000	3400	3000	2700	2400	2000	护身符
2263	0	4	1	n	n	89	增加内力上限	41	80	150000	100000	340	400	500	600	700	1400	1500	1700	1900	2000	1700	1900	2000	2200	2400	2000	2200	2400	2500	2700	护身符
2264	0	4	1	n	n	89	增加内力上限	81	120	800000	200000	100	140	170	200	240	240	270	300	340	400	300	340	400	400	440	400	500	540	600	700	护身符
2265	0	4	1	n	n	89	增加内力上限	121	200	2000000	500000	10	17	24	27	30	24	30	40	44	50	40	50	60	70	80	70	74	80	90	90	护身符
2266	0	4	1	n	n	93	增加体力上限	1	40	50000	50000	1700	2000	1400	1500	1700	2000	1900	1700	1500	1400	2700	2500	2400	2200	2000	3400	3000	2700	2400	2000	护身符
2267	0	4	1	n	n	93	增加体力上限	41	80	100000	100000	340	400	500	600	700	1400	1500	1700	1900	2000	1700	1900	2000	2200	2400	2000	2200	2400	2500	2700	护身符
2268	0	4	1	n	n	93	增加体力上限	81	120	300000	200000	100	140	170	200	240	240	270	300	340	400	300	340	400	400	440	400	500	540	600	700	护身符
2269	0	4	1	n	n	93	增加体力上限	121	200	500000	500000	10	17	24	27	30	24	30	40	44	50	40	50	60	70	80	70	74	80	90	90	护身符
2270	0	4	1	n	n	96	每半秒回复体力	1	9	100000	500000	50	50	50	50	50	50	50	50	50	50	50	50	50	50	50	50	50	50	50	50	护身符
2271	0	4	1	n	n	97	增加力量	1	10	100000	200000	700	1000	1400	1500	1700	2000	1900	1700	1500	1400	2700	2500	2400	2200	2000	3400	3000	2700	2400	2000	护身符
2272	0	4	1	n	n	97	增加力量	11	15	1000000	1000000	34	40	50	70	84	70	80	94	107	120	100	140	170	200	240	170	190	200	220	240	护身符
2273	0	4	1	n	n	98	增加身法	1	10	100000	100000	1000	1400	1400	1500	1700	2000	1900	1700	1500	1700	2700	2500	2400	2200	2000	10000	3000	2700	2400	2000	护身符
2274	0	4	1	n	n	98	增加身法	11	16	1000000	500000	34	40	50	70	84	70	80	94	110	120	100	140	170	200	240	170	190	200	220	240	护身符
2275	0	4	1	n	n	99	增加外功	1	10	100000	100000	1000	1400	1400	1500	1700	2000	1900	1700	1500	1700	2700	2500	2400	2200	2000	10000	3000	2700	2400	2000	护身符
2276	0	4	1	n	n	99	增加外功	11	18	1000000	500000	34	40	50	70	84	70	80	94	110	120	100	140	170	200	240	170	190	200	220	240	护身符
2277	0	4	1	n	n	101	增加毒防	1	5	100000	50000	1700	2000	1400	1500	1700	2000	1900	1700	1500	1400	2700	2500	2400	2200	2000	3400	3000	2700	2400	2000	护身符
2278	0	4	1	n	n	101	增加毒防	6	14	150000	100000	340	400	500	600	700	470	540	600	700	740	700	840	1000	1200	1400	1000	1200	1400	1500	1700	护身符
2279	0	4	1	n	n	101	增加毒防	15	20	500000	500000	70	100	140	150	170	170	150	170	190	200	170	190	200	220	240	170	200	240	270	300	护身符
2280	0	4	1	n	n	105	增加冰防	1	5	100000	50000	1700	2000	1400	1500	1700	2000	1900	1700	1500	1400	2700	2500	2400	2200	2000	3400	3000	2700	2400	2000	护身符
2281	0	4	1	n	n	105	增加冰防	6	14	150000	100000	340	400	500	600	700	470	540	600	700	740	700	840	1000	1200	1400	1000	1200	1400	1500	1700	护身符
2282	0	4	1	n	n	105	增加冰防	15	20	1000000	500000	70	100	140	150	170	170	150	170	190	200	170	190	200	220	240	170	200	240	270	300	护身符
2283	0	4	1	n	n	102	增加火防	1	5	100000	50000	1700	2000	1400	1500	1700	2000	1900	1700	1500	1400	2700	2500	2400	2200	2000	3400	3000	2700	2400	2000	护身符
2284	0	4	1	n	n	102	增加火防	6	14	150000	100000	340	400	500	600	700	470	540	600	700	740	700	840	1000	1200	1400	1000	1200	1400	1500	1700	护身符
2285	0	4	1	n	n	102	增加火防	15	20	1000000	500000	70	100	140	150	170	170	150	170	190	200	170	190	200	220	240	170	200	240	270	300	护身符
2286	0	4	1	n	n	103	增加雷防	1	5	100000	50000	1700	2000	1400	1500	1700	2000	1900	1700	1500	1400	2700	2500	2400	2200	2000	3400	3000	2700	2400	2000	护身符
2287	0	4	1	n	n	103	增加雷防	6	17	150000	100000	340	400	500	600	700	470	540	600	700	740	700	840	1000	1200	1400	1000	1200	1400	1500	1700	护身符
2288	0	4	1	n	n	103	增加雷防	18	22	1000000	500000	70	100	140	150	170	170	150	170	190	200	170	190	200	220	240	170	200	240	270	300	护身符
2289	0	9	0	n	0	n	n	n	n	40000	20000	3500	3000	3500	2700	2000	2700	2400	2000	1700	1400	2000	1900	1700	1500	1400	1700	1500	1400	1200	1000	金属性香囊
2290	0	9	0	n	1	n	n	n	n	40000	20000	3500	3000	3500	2700	2000	2700	2400	2000	1700	1400	2000	1900	1700	1500	1400	1700	1500	1400	1200	1000	木属性香囊
2291	0	9	0	n	2	n	n	n	n	40000	20000	3500	3000	3500	2700	2000	2700	2400	2000	1700	1400	2000	1900	1700	1500	1400	1700	1500	1400	1200	1000	水属性香囊
2292	0	9	0	n	3	n	n	n	n	40000	20000	3500	3000	3500	2700	2000	2700	2400	2000	1700	1400	2000	1900	1700	1500	1400	1700	1500	1400	1200	1000	火属性香囊
2293	0	9	0	n	4	n	n	n	n	40000	20000	3500	3000	3500	3000	2000	2700	2400	2000	1700	1400	2000	1900	1700	1500	1400	1700	1500	1400	1200	1000	土属性香囊
2294	0	9	0	1	n	n	n	n	n	40000	25000	3500	3000	3500	3000	2700	2700	2500	2400	2200	2000	2000	1900	1700	1500	1400	2000	1900	1700	1500	1400	熏衣香囊
2295	0	9	0	2	n	n	n	n	n	40000	20000	3500	3000	3500	3000	2700	2700	2500	2400	2200	2000	2000	1900	1700	1500	1400	2000	1900	1700	1500	1400	茉莉香囊
2296	0	9	0	3	n	n	n	n	n	60000	30000	1600	1900	2400	2500	2700	2000	2200	2400	2500	2700	2000	2200	2400	2500	2700	1700	1900	2000	2200	2400	乳香香囊
2297	0	9	0	4	n	n	n	n	n	60000	30000	1000	1200	1600	1900	2000	1700	1900	2000	2200	2400	1700	1900	2000	2200	2400	2000	2200	2400	2500	2700	兰花香囊
2298	0	9	0	5	n	n	n	n	n	80000	35000	700	900	1000	1200	1400	1700	1900	2000	2200	2400	1400	1500	1700	1900	2000	1700	1900	2000	2200	2400	合欢香囊
2299	0	9	0	6	n	n	n	n	n	80000	35000	350	400	700	900	1000	1500	1700	1900	2000	2200	1400	1500	1700	1900	2000	1400	1200	1000	840	700	紫苏香囊
2300	0	9	0	7	n	n	n	n	n	80000	40000	160	270	270	500	600	500	600	700	800	900	1000	1200	1400	1500	1700	1400	1200	1000	840	700	沉檀香囊
2301	0	9	0	8	n	n	n	n	n	80000	40000	70	90	100	140	170	170	250	340	420	500	700	800	900	920	1000	1000	1000	1000	1000	1000	仙麝香囊
2302	0	9	0	9	n	n	n	n	n	80000	40000	35	50	50	70	100	100	120	140	150	170	270	400	600	700	800	900	800	700	640	600	迦楠香囊
2303	0	9	0	10	n	n	n	n	n	80000	40000	0	16	27	40	50	50	60	70	80	90	170	200	240	270	300	600	800	940	1100	1300	龙涎香囊
2304	0	9	0	1	0	n	n	n	n	40000	50000	3400	3000	3400	3000	2700	2700	2500	2400	2200	2000	2000	1900	1700	1500	1700	2000	1900	1700	1500	1700	金属性熏衣香囊
2305	0	9	0	2	0	n	n	n	n	40000	50000	3400	3000	3400	3000	2700	2700	2500	2400	2200	2000	2000	1900	1700	1500	1700	2000	1900	1700	1500	1700	金属性茉莉香囊
2306	0	9	0	3	0	n	n	n	n	60000	80000	1700	1900	2400	2500	2700	2000	2200	2400	2500	2700	2000	2200	2400	2500	2700	1700	1900	2000	2200	2400	金属性乳香香囊
2307	0	9	0	4	0	n	n	n	n	60000	80000	1000	1200	1700	1900	2000	1700	1900	2000	2200	2400	1700	1900	2000	2200	2400	2000	2200	2400	2500	2700	金属性兰花香囊
2308	0	9	0	5	0	n	n	n	n	80000	100000	700	900	1000	1200	1400	1700	1900	2000	2200	2400	1400	1500	1700	1900	2000	1700	1900	2000	2200	2400	金属性合欢香囊
2309	0	9	0	6	0	n	n	n	n	80000	100000	340	400	700	900	1000	1500	1700	1900	2000	2200	1400	1500	1700	1900	2000	1400	1200	1000	840	700	金属性紫苏香囊
2310	0	9	0	7	0	n	n	n	n	80000	100000	170	270	400	500	600	500	600	700	800	900	1000	1200	1400	1500	1700	1400	1200	1000	840	700	金属性沉檀香囊
2311	0	9	0	8	0	n	n	n	n	80000	100000	70	90	100	140	170	170	250	340	420	500	700	800	900	920	1000	1000	1000	1000	1000	1000	金属性仙麝香囊
2312	0	9	0	9	0	n	n	n	n	80000	100000	34	50	50	70	100	100	120	170	150	170	270	400	540	700	800	840	800	2100	640	600	金属性迦楠香囊
2313	0	9	0	10	0	n	n	n	n	80000	100000	0	17	27	40	50	50	60	70	80	90	170	200	240	270	300	600	800	2800	1100	1300	金属性龙涎香囊
2314	0	9	0	1	1	n	n	n	n	40000	50000	3400	3000	3400	3000	2700	2700	2500	2400	2200	2000	2000	1900	1700	1500	1700	2000	1900	1700	1500	1700	木属性熏衣香囊
2315	0	9	0	2	1	n	n	n	n	40000	50000	3400	3000	3400	3000	2700	2700	2500	2400	2200	2000	2000	1900	1700	1500	1700	2000	1900	1700	1500	1700	木属性茉莉香囊
2316	0	9	0	3	1	n	n	n	n	60000	80000	1700	1900	2400	2500	2700	2000	2200	2400	2500	2700	2000	2200	2400	2500	2700	1700	1900	2000	2200	2400	木属性乳香香囊
2317	0	9	0	4	1	n	n	n	n	60000	80000	1000	1200	1700	1900	2000	1700	1900	2000	2200	2400	1700	1900	2000	2200	2400	2000	2200	2400	2500	2700	木属性兰花香囊
2318	0	9	0	5	1	n	n	n	n	80000	100000	700	900	1000	1200	1400	1700	1900	2000	2200	2400	1400	1500	1700	1900	2000	1700	1900	2000	2200	2400	木属性合欢香囊
2319	0	9	0	6	1	n	n	n	n	80000	100000	340	400	700	900	1000	1500	1700	1900	2000	2200	1400	1500	1700	1900	2000	1400	1200	1000	840	700	木属性紫苏香囊
2320	0	9	0	7	1	n	n	n	n	80000	100000	170	270	400	500	600	500	600	700	800	900	1000	1200	1400	1500	1700	1400	1200	1000	840	700	木属性沉檀香囊
2321	0	9	0	8	1	n	n	n	n	80000	100000	70	90	100	140	170	170	250	340	420	500	700	800	900	920	1000	1000	1000	1000	1000	1000	木属性仙麝香囊
2322	0	9	0	9	1	n	n	n	n	80000	100000	34	50	50	70	100	100	120	170	150	170	270	400	540	700	800	840	800	2100	640	600	木属性迦楠香囊
2323	0	9	0	10	1	n	n	n	n	80000	100000	0	17	27	40	50	50	60	70	80	90	170	200	240	270	300	600	800	2800	1100	1300	木属性龙涎香囊
2324	0	9	0	1	2	n	n	n	n	40000	50000	3400	3000	3400	3000	2700	2700	2500	2400	2200	2000	2000	1900	1700	1500	1700	2000	1900	1700	1500	1700	水属性熏衣香囊
2325	0	9	0	2	2	n	n	n	n	40000	50000	3400	3000	3400	3000	2700	2700	2500	2400	2200	2000	2000	1900	1700	1500	1700	2000	1900	1700	1500	1700	水属性茉莉香囊
2326	0	9	0	3	2	n	n	n	n	60000	80000	1700	1900	2400	2500	2700	2000	2200	2400	2500	2700	2000	2200	2400	2500	2700	1700	1900	2000	2200	2400	水属性乳香香囊
2327	0	9	0	4	2	n	n	n	n	60000	80000	1000	1200	1700	1900	2000	1700	1900	2000	2200	2400	1700	1900	2000	2200	2400	2000	2200	2400	2500	2700	水属性兰花香囊
2328	0	9	0	5	2	n	n	n	n	80000	100000	700	900	1000	1200	1400	1700	1900	2000	2200	2400	1400	1500	1700	1900	2000	1700	1900	2000	2200	2400	水属性合欢香囊
2329	0	9	0	6	2	n	n	n	n	80000	100000	340	400	700	900	1000	1500	1700	1900	2000	2200	1400	1500	1700	1900	2000	1400	1200	1000	840	700	水属性紫苏香囊
2330	0	9	0	7	2	n	n	n	n	80000	100000	170	270	400	500	600	500	600	700	800	900	1000	1200	1400	1500	1700	1400	1200	1000	840	700	水属性沉檀香囊
2331	0	9	0	8	2	n	n	n	n	80000	100000	70	90	100	140	170	170	250	340	420	500	700	800	900	920	1000	1000	1000	1000	1000	1000	水属性仙麝香囊
2332	0	9	0	9	2	n	n	n	n	80000	100000	34	50	50	70	100	100	120	170	150	170	270	400	540	700	800	840	800	2100	640	600	水属性迦楠香囊
2333	0	9	0	10	2	n	n	n	n	80000	100000	0	17	27	40	50	50	60	70	80	90	170	200	240	270	300	600	800	2800	1100	1300	水属性龙涎香囊
2334	0	9	0	1	3	n	n	n	n	40000	50000	3400	3000	3400	3000	2700	2700	2500	2400	2200	2000	2000	1900	1700	1500	1700	2000	1900	1700	1500	1700	火属性熏衣香囊
2335	0	9	0	2	3	n	n	n	n	40000	50000	3400	3000	3400	3000	2700	2700	2500	2400	2200	2000	2000	1900	1700	1500	1700	2000	1900	1700	1500	1700	火属性茉莉香囊
2336	0	9	0	3	3	n	n	n	n	60000	80000	1700	1900	2400	2500	2700	2000	2200	2400	2500	2700	2000	2200	2400	2500	2700	1700	1900	2000	2200	2400	火属性乳香香囊
2337	0	9	0	4	3	n	n	n	n	60000	80000	1000	1200	1700	1900	2000	1700	1900	2000	2200	2400	1700	1900	2000	2200	2400	2000	2200	2400	2500	2700	火属性兰花香囊
2338	0	9	0	5	3	n	n	n	n	80000	100000	700	900	1000	1200	1400	1700	1900	2000	2200	2400	1400	1500	1700	1900	2000	1700	1900	2000	2200	2400	火属性合欢香囊
2339	0	9	0	6	3	n	n	n	n	80000	100000	340	400	700	900	1000	1500	1700	1900	2000	2200	1400	1500	1700	1900	2000	1400	1200	1000	840	700	火属性紫苏香囊
2340	0	9	0	7	3	n	n	n	n	80000	100000	170	270	400	500	600	500	600	700	800	900	1000	1200	1400	1500	1700	1400	1200	1000	840	700	火属性沉檀香囊
2341	0	9	0	8	3	n	n	n	n	80000	100000	70	90	100	140	170	170	250	340	420	500	700	800	900	920	1000	1000	1000	1000	1000	1000	火属性仙麝香囊
2342	0	9	0	9	3	n	n	n	n	80000	100000	34	50	50	70	100	100	120	170	150	170	270	400	540	700	800	840	800	2100	640	600	火属性迦楠香囊
2343	0	9	0	10	3	n	n	n	n	80000	100000	0	17	27	40	50	50	60	70	80	90	170	200	240	270	300	600	800	2800	1100	1300	火属性龙涎香囊
2344	0	9	0	1	4	n	n	n	n	40000	50000	3400	3000	3400	3000	2700	2700	2500	2400	2200	2000	2000	1900	1700	1500	1700	2000	1900	1700	1500	1700	土属性熏衣香囊
2345	0	9	0	2	4	n	n	n	n	40000	50000	3400	3000	3400	3000	2700	2700	2500	2400	2200	2000	2000	1900	1700	1500	1700	2000	1900	1700	1500	1700	土属性茉莉香囊
2346	0	9	0	3	4	n	n	n	n	60000	80000	1700	1900	2400	2500	2700	2000	2200	2400	2500	2700	2000	2200	2400	2500	2700	1700	1900	2000	2200	2400	土属性乳香香囊
2347	0	9	0	4	4	n	n	n	n	60000	80000	1000	1200	1700	1900	2000	1700	1900	2000	2200	2400	1700	1900	2000	2200	2400	2000	2200	2400	2500	2700	土属性兰花香囊
2348	0	9	0	5	4	n	n	n	n	80000	100000	700	900	1000	1200	1400	1700	1900	2000	2200	2400	1400	1500	1700	1900	2000	1700	1900	2000	2200	2400	土属性合欢香囊
2349	0	9	0	6	4	n	n	n	n	80000	100000	340	400	700	900	1000	1500	1700	1900	2000	2200	1400	1500	1700	1900	2000	1400	1200	1000	840	700	土属性紫苏香囊
2350	0	9	0	7	4	n	n	n	n	80000	100000	170	270	400	500	600	500	600	700	800	900	1000	1200	1400	1500	1700	1400	1200	1000	840	700	土属性沉檀香囊
2351	0	9	0	8	4	n	n	n	n	80000	100000	70	90	100	140	170	170	250	340	420	500	700	800	900	920	1000	1000	1000	1000	1000	1000	土属性仙麝香囊
2352	0	9	0	9	4	n	n	n	n	80000	100000	34	50	50	70	100	100	120	170	150	170	270	400	540	700	800	840	800	2100	640	600	土属性迦楠香囊
2353	0	9	0	10	4	n	n	n	n	80000	100000	0	17	27	40	50	50	60	70	80	90	170	200	240	270	300	600	800	2800	400	1300	土属性龙涎香囊
2354	0	9	0	n	n	85	增加生命上限	1	40	80000	30000	1700	2000	1400	1500	1700	2000	1900	1700	1500	1400	2700	2500	2400	2200	2000	3400	3000	2700	2400	2000	香囊
2355	0	9	0	n	n	85	增加生命上限	41	80	200000	100000	340	400	500	600	700	1400	1500	1700	1900	2000	1700	1900	2000	2200	2400	2000	2200	2400	2500	2700	香囊
2356	0	9	0	n	n	85	增加生命上限	81	120	1200000	200000	100	140	170	200	240	240	270	300	340	400	300	340	400	400	440	400	500	540	600	700	香囊
2357	0	9	0	n	n	85	增加生命上限	121	200	3000000	500000	10	17	24	27	30	24	30	40	44	50	40	50	60	70	80	70	74	80	90	90	香囊
2358	0	9	0	n	n	89	增加内力上限	1	40	80000	40000	1700	2000	1400	1500	1700	2000	1900	1700	1500	1400	2700	2500	2400	2200	2000	3400	3000	2700	2400	2000	香囊
2359	0	9	0	n	n	89	增加内力上限	41	80	150000	100000	340	400	500	600	700	1400	1500	1700	1900	2000	1700	1900	2000	2200	2400	2000	2200	2400	2500	2700	香囊
2360	0	9	0	n	n	89	增加内力上限	81	120	800000	200000	100	140	170	200	240	240	270	300	340	400	300	340	400	400	440	400	500	540	600	700	香囊
2361	0	9	0	n	n	89	增加内力上限	121	200	2000000	500000	10	17	24	27	30	24	30	40	44	50	40	50	60	70	80	70	74	80	90	90	香囊
2362	0	9	0	n	n	93	增加体力上限	1	40	50000	50000	1700	2000	1400	1500	1700	2000	1900	1700	1500	1400	2700	2500	2400	2200	2000	3400	3000	2700	2400	2000	香囊
2363	0	9	0	n	n	93	增加体力上限	41	80	100000	100000	340	400	500	600	700	1400	1500	1700	1900	2000	1700	1900	2000	2200	2400	2000	2200	2400	2500	2700	香囊
2364	0	9	0	n	n	93	增加体力上限	81	120	300000	200000	100	140	170	200	240	240	270	300	340	400	300	340	400	400	440	400	500	540	600	700	香囊
2365	0	9	0	n	n	93	增加体力上限	121	200	500000	500000	10	17	24	27	30	24	30	40	44	50	40	50	60	70	80	70	74	80	90	90	香囊
2366	0	9	0	n	n	96	每半秒回复体力	1	9	100000	500000	50	50	50	50	50	50	50	50	50	50	50	50	50	50	50	50	50	50	50	50	香囊
2367	0	9	0	n	n	97	增加力量	1	10	100000	200000	700	1000	1400	1500	1700	2000	1900	1700	1500	1400	2700	2500	2400	2200	2000	3400	3000	2700	2400	2000	香囊
2368	0	9	0	n	n	97	增加力量	11	15	1000000	1000000	34	40	50	70	84	70	80	94	107	120	100	140	170	200	240	170	190	200	220	240	香囊
2369	0	9	0	n	n	98	增加身法	1	10	100000	100000	1000	1400	1400	1500	1700	2000	1900	1700	1500	1700	2700	2500	2400	2200	2000	10000	3000	2700	2400	2000	香囊
2370	0	9	0	n	n	98	增加身法	11	16	1000000	500000	34	40	50	70	84	70	80	94	110	120	100	140	170	200	240	170	190	200	220	240	香囊
2371	0	9	0	n	n	99	增加外功	1	10	100000	100000	1000	1400	1400	1500	1700	2000	1900	1700	1500	1700	2700	2500	2400	2200	2000	10000	3000	2700	2400	2000	香囊
2372	0	9	0	n	n	99	增加外功	11	18	1000000	500000	34	40	50	70	84	70	80	94	110	120	100	140	170	200	240	170	190	200	220	240	香囊
2373	0	9	0	n	n	101	增加毒防	1	5	100000	50000	1700	2000	1400	1500	1700	2000	1900	1700	1500	1400	2700	2500	2400	2200	2000	3400	3000	2700	2400	2000	香囊
2374	0	9	0	n	n	101	增加毒防	6	14	150000	100000	340	400	500	600	700	470	540	600	700	740	700	840	1000	1200	1400	1000	1200	1400	1500	1700	香囊
2375	0	9	0	n	n	101	增加毒防	15	20	500000	500000	70	100	140	150	170	170	150	170	190	200	170	190	200	220	240	170	200	240	270	300	香囊
2376	0	9	0	n	n	105	增加冰防	1	5	100000	50000	1700	2000	1400	1500	1700	2000	1900	1700	1500	1400	2700	2500	2400	2200	2000	3400	3000	2700	2400	2000	香囊
2377	0	9	0	n	n	105	增加冰防	6	14	150000	100000	340	400	500	600	700	470	540	600	700	740	700	840	1000	1200	1400	1000	1200	1400	1500	1700	香囊
2378	0	9	0	n	n	105	增加冰防	15	20	1000000	500000	70	100	140	150	170	170	150	170	190	200	170	190	200	220	240	170	200	240	270	300	香囊
2379	0	9	0	n	n	102	增加火防	1	5	100000	50000	1700	2000	1400	1500	1700	2000	1900	1700	1500	1400	2700	2500	2400	2200	2000	3400	3000	2700	2400	2000	香囊
2380	0	9	0	n	n	102	增加火防	6	14	150000	100000	340	400	500	600	700	470	540	600	700	740	700	840	1000	1200	1400	1000	1200	1400	1500	1700	香囊
2381	0	9	0	n	n	102	增加火防	15	20	1000000	500000	70	100	140	150	170	170	150	170	190	200	170	190	200	220	240	170	200	240	270	300	香囊
2382	0	9	0	n	n	103	增加雷防	1	5	100000	50000	1700	2000	1400	1500	1700	2000	1900	1700	1500	1400	2700	2500	2400	2200	2000	3400	3000	2700	2400	2000	香囊
2383	0	9	0	n	n	103	增加雷防	6	17	150000	100000	340	400	500	600	700	470	540	600	700	740	700	840	1000	1200	1400	1000	1200	1400	1500	1700	香囊
2384	0	9	0	n	n	103	增加雷防	18	22	1000000	500000	70	100	140	150	170	170	150	170	190	200	170	190	200	220	240	170	200	240	270	300	香囊
2385	0	9	1	n	0	n	n	n	n	40000	20000	3500	3000	3500	2700	2000	2700	2400	2000	1700	1400	2000	1900	1700	1500	1400	1700	1500	1400	1200	1000	金属性玉佩
2386	0	9	1	n	1	n	n	n	n	40000	20000	3500	3000	3500	2700	2000	2700	2400	2000	1700	1400	2000	1900	1700	1500	1400	1700	1500	1400	1200	1000	木属性玉佩
2387	0	9	1	n	2	n	n	n	n	40000	20000	3500	3000	3500	2700	2000	2700	2400	2000	1700	1400	2000	1900	1700	1500	1400	1700	1500	1400	1200	1000	水属性玉佩
2388	0	9	1	n	3	n	n	n	n	40000	20000	3500	3000	3500	2700	2000	2700	2400	2000	1700	1400	2000	1900	1700	1500	1400	1700	1500	1400	1200	1000	火属性玉佩
2389	0	9	1	n	4	n	n	n	n	40000	20000	3500	3000	3500	3000	2000	2700	2400	2000	1700	1400	2000	1900	1700	1500	1400	1700	1500	1400	1200	1000	土属性玉佩
2390	0	9	1	1	n	n	n	n	n	40000	25000	3500	3000	3500	3000	2700	2700	2500	2400	2200	2000	2000	1900	1700	1500	1400	2000	1900	1700	1500	1400	绿蚰玉佩
2391	0	9	1	2	n	n	n	n	n	40000	20000	3500	3000	3500	3000	2700	2700	2500	2400	2200	2000	2000	1900	1700	1500	1400	2000	1900	1700	1500	1400	京白玉佩
2392	0	9	1	3	n	n	n	n	n	60000	30000	1600	1900	2400	2500	2700	2000	2200	2400	2500	2700	2000	2200	2400	2500	2700	1700	1900	2000	2200	2400	桃花玉佩
2393	0	9	1	4	n	n	n	n	n	60000	30000	1000	1200	1600	1900	2000	1700	1900	2000	2200	2400	1700	1900	2000	2200	2400	2000	2200	2400	2500	2700	梅花玉佩
2394	0	9	1	5	n	n	n	n	n	80000	35000	700	900	1000	1200	1400	1700	1900	2000	2200	2400	1400	1500	1700	1900	2000	1700	1900	2000	2200	2400	五色玉佩
2395	0	9	1	6	n	n	n	n	n	80000	35000	350	400	700	900	1000	1500	1700	1900	2000	2200	1400	1500	1700	1900	2000	1400	1200	1000	840	700	青玉玉佩
2396	0	9	1	7	n	n	n	n	n	80000	40000	160	270	270	500	600	500	600	700	800	900	1000	1200	1400	1500	1700	1400	1200	1000	840	700	碧玉玉佩
2397	0	9	1	8	n	n	n	n	n	80000	40000	70	90	100	140	170	170	250	340	420	500	700	800	900	920	1000	1000	1000	1000	1000	1000	墨玉玉佩
2398	0	9	1	9	n	n	n	n	n	80000	40000	35	50	50	70	100	100	120	140	150	170	270	400	600	700	800	900	800	700	640	600	黄玉玉佩
2399	0	9	1	10	n	n	n	n	n	80000	40000	0	16	27	40	50	50	60	70	80	90	170	200	240	270	300	600	800	940	1100	1300	羊脂白玉
2400	0	9	1	1	0	n	n	n	n	40000	50000	3400	3000	3400	3000	2700	2700	2500	2400	2200	2000	2000	1900	1700	1500	1700	2000	1900	1700	1500	1700	金属性绿蚰玉佩
2401	0	9	1	2	0	n	n	n	n	40000	50000	3400	3000	3400	3000	2700	2700	2500	2400	2200	2000	2000	1900	1700	1500	1700	2000	1900	1700	1500	1700	金属性京白玉佩
2402	0	9	1	3	0	n	n	n	n	60000	80000	1700	1900	2400	2500	2700	2000	2200	2400	2500	2700	2000	2200	2400	2500	2700	1700	1900	2000	2200	2400	金属性桃花玉佩
2403	0	9	1	4	0	n	n	n	n	60000	80000	1000	1200	1700	1900	2000	1700	1900	2000	2200	2400	1700	1900	2000	2200	2400	2000	2200	2400	2500	2700	金属性梅花玉佩
2404	0	9	1	5	0	n	n	n	n	80000	100000	700	900	1000	1200	1400	1700	1900	2000	2200	2400	1400	1500	1700	1900	2000	1700	1900	2000	2200	2400	金属性五色玉佩
2405	0	9	1	6	0	n	n	n	n	80000	100000	340	400	700	900	1000	1500	1700	1900	2000	2200	1400	1500	1700	1900	2000	1400	1200	1000	840	700	金属性青玉玉佩
2406	0	9	1	7	0	n	n	n	n	80000	100000	170	270	400	500	600	500	600	700	800	900	1000	1200	1400	1500	1700	1400	1200	1000	840	700	金属性碧玉玉佩
2407	0	9	1	8	0	n	n	n	n	80000	100000	70	90	100	140	170	170	250	340	420	500	700	800	900	920	1000	1000	1000	1000	1000	1000	金属性墨玉玉佩
2408	0	9	1	9	0	n	n	n	n	80000	100000	34	50	50	70	100	100	120	170	150	170	270	400	540	700	800	840	800	2100	640	600	金属性黄玉玉佩
2409	0	9	1	10	0	n	n	n	n	80000	100000	0	17	27	40	50	50	60	70	80	90	170	200	240	270	300	600	800	2800	1100	1300	金属性羊脂白玉
2410	0	9	1	1	1	n	n	n	n	40000	50000	3400	3000	3400	3000	2700	2700	2500	2400	2200	2000	2000	1900	1700	1500	1700	2000	1900	1700	1500	1700	木属性绿蚰玉佩
2411	0	9	1	2	1	n	n	n	n	40000	50000	3400	3000	3400	3000	2700	2700	2500	2400	2200	2000	2000	1900	1700	1500	1700	2000	1900	1700	1500	1700	木属性京白玉佩
2412	0	9	1	3	1	n	n	n	n	60000	80000	1700	1900	2400	2500	2700	2000	2200	2400	2500	2700	2000	2200	2400	2500	2700	1700	1900	2000	2200	2400	木属性桃花玉佩
2413	0	9	1	4	1	n	n	n	n	60000	80000	1000	1200	1700	1900	2000	1700	1900	2000	2200	2400	1700	1900	2000	2200	2400	2000	2200	2400	2500	2700	木属性梅花玉佩
2414	0	9	1	5	1	n	n	n	n	80000	100000	700	900	1000	1200	1400	1700	1900	2000	2200	2400	1400	1500	1700	1900	2000	1700	1900	2000	2200	2400	木属性五色玉佩
2415	0	9	1	6	1	n	n	n	n	80000	100000	340	400	700	900	1000	1500	1700	1900	2000	2200	1400	1500	1700	1900	2000	1400	1200	1000	840	700	木属性青玉玉佩
2416	0	9	1	7	1	n	n	n	n	80000	100000	170	270	400	500	600	500	600	700	800	900	1000	1200	1400	1500	1700	1400	1200	1000	840	700	木属性碧玉玉佩
2417	0	9	1	8	1	n	n	n	n	80000	100000	70	90	100	140	170	170	250	340	420	500	700	800	900	920	1000	1000	1000	1000	1000	1000	木属性墨玉玉佩
2418	0	9	1	9	1	n	n	n	n	80000	100000	34	50	50	70	100	100	120	170	150	170	270	400	540	700	800	840	800	2100	640	600	木属性黄玉玉佩
2419	0	9	1	10	1	n	n	n	n	80000	100000	0	17	27	40	50	50	60	70	80	90	170	200	240	270	300	600	800	2800	1100	1300	木属性羊脂白玉
2420	0	9	1	1	2	n	n	n	n	40000	50000	3400	3000	3400	3000	2700	2700	2500	2400	2200	2000	2000	1900	1700	1500	1700	2000	1900	1700	1500	1700	水属性绿蚰玉佩
2421	0	9	1	2	2	n	n	n	n	40000	50000	3400	3000	3400	3000	2700	2700	2500	2400	2200	2000	2000	1900	1700	1500	1700	2000	1900	1700	1500	1700	水属性京白玉佩
2422	0	9	1	3	2	n	n	n	n	60000	80000	1700	1900	2400	2500	2700	2000	2200	2400	2500	2700	2000	2200	2400	2500	2700	1700	1900	2000	2200	2400	水属性桃花玉佩
2423	0	9	1	4	2	n	n	n	n	60000	80000	1000	1200	1700	1900	2000	1700	1900	2000	2200	2400	1700	1900	2000	2200	2400	2000	2200	2400	2500	2700	水属性梅花玉佩
2424	0	9	1	5	2	n	n	n	n	80000	100000	700	900	1000	1200	1400	1700	1900	2000	2200	2400	1400	1500	1700	1900	2000	1700	1900	2000	2200	2400	水属性五色玉佩
2425	0	9	1	6	2	n	n	n	n	80000	100000	340	400	700	900	1000	1500	1700	1900	2000	2200	1400	1500	1700	1900	2000	1400	1200	1000	840	700	水属性青玉玉佩
2426	0	9	1	7	2	n	n	n	n	80000	100000	170	270	400	500	600	500	600	700	800	900	1000	1200	1400	1500	1700	1400	1200	1000	840	700	水属性碧玉玉佩
2427	0	9	1	8	2	n	n	n	n	80000	100000	70	90	100	140	170	170	250	340	420	500	700	800	900	920	1000	1000	1000	1000	1000	1000	水属性墨玉玉佩
2428	0	9	1	9	2	n	n	n	n	80000	100000	34	50	50	70	100	100	120	170	150	170	270	400	540	700	800	840	800	2100	640	600	水属性黄玉玉佩
2429	0	9	1	10	2	n	n	n	n	80000	100000	0	17	27	40	50	50	60	70	80	90	170	200	240	270	300	600	800	2800	1100	1300	水属性羊脂白玉
2430	0	9	1	1	3	n	n	n	n	40000	50000	3400	3000	3400	3000	2700	2700	2500	2400	2200	2000	2000	1900	1700	1500	1700	2000	1900	1700	1500	1700	火属性绿蚰玉佩
2431	0	9	1	2	3	n	n	n	n	40000	50000	3400	3000	3400	3000	2700	2700	2500	2400	2200	2000	2000	1900	1700	1500	1700	2000	1900	1700	1500	1700	火属性京白玉佩
2432	0	9	1	3	3	n	n	n	n	60000	80000	1700	1900	2400	2500	2700	2000	2200	2400	2500	2700	2000	2200	2400	2500	2700	1700	1900	2000	2200	2400	火属性桃花玉佩
2433	0	9	1	4	3	n	n	n	n	60000	80000	1000	1200	1700	1900	2000	1700	1900	2000	2200	2400	1700	1900	2000	2200	2400	2000	2200	2400	2500	2700	火属性梅花玉佩
2434	0	9	1	5	3	n	n	n	n	80000	100000	700	900	1000	1200	1400	1700	1900	2000	2200	2400	1400	1500	1700	1900	2000	1700	1900	2000	2200	2400	火属性五色玉佩
2435	0	9	1	6	3	n	n	n	n	80000	100000	340	400	700	900	1000	1500	1700	1900	2000	2200	1400	1500	1700	1900	2000	1400	1200	1000	840	700	火属性青玉玉佩
2436	0	9	1	7	3	n	n	n	n	80000	100000	170	270	400	500	600	500	600	700	800	900	1000	1200	1400	1500	1700	1400	1200	1000	840	700	火属性碧玉玉佩
2437	0	9	1	8	3	n	n	n	n	80000	100000	70	90	100	140	170	170	250	340	420	500	700	800	900	920	1000	1000	1000	1000	1000	1000	火属性墨玉玉佩
2438	0	9	1	9	3	n	n	n	n	80000	100000	34	50	50	70	100	100	120	170	150	170	270	400	540	700	800	840	800	2100	640	600	火属性黄玉玉佩
2439	0	9	1	10	3	n	n	n	n	80000	100000	0	17	27	40	50	50	60	70	80	90	170	200	240	270	300	600	800	2800	1100	1300	火属性羊脂白玉
2440	0	9	1	1	4	n	n	n	n	40000	50000	3400	3000	3400	3000	2700	2700	2500	2400	2200	2000	2000	1900	1700	1500	1700	2000	1900	1700	1500	1700	土属性绿蚰玉佩
2441	0	9	1	2	4	n	n	n	n	40000	50000	3400	3000	3400	3000	2700	2700	2500	2400	2200	2000	2000	1900	1700	1500	1700	2000	1900	1700	1500	1700	土属性京白玉佩
2442	0	9	1	3	4	n	n	n	n	60000	80000	1700	1900	2400	2500	2700	2000	2200	2400	2500	2700	2000	2200	2400	2500	2700	1700	1900	2000	2200	2400	土属性桃花玉佩
2443	0	9	1	4	4	n	n	n	n	60000	80000	1000	1200	1700	1900	2000	1700	1900	2000	2200	2400	1700	1900	2000	2200	2400	2000	2200	2400	2500	2700	土属性梅花玉佩
2444	0	9	1	5	4	n	n	n	n	80000	100000	700	900	1000	1200	1400	1700	1900	2000	2200	2400	1400	1500	1700	1900	2000	1700	1900	2000	2200	2400	土属性五色玉佩
2445	0	9	1	6	4	n	n	n	n	80000	100000	340	400	700	900	1000	1500	1700	1900	2000	2200	1400	1500	1700	1900	2000	1400	1200	1000	840	700	土属性青玉玉佩
2446	0	9	1	7	4	n	n	n	n	80000	100000	170	270	400	500	600	500	600	700	800	900	1000	1200	1400	1500	1700	1400	1200	1000	840	700	土属性碧玉玉佩
2447	0	9	1	8	4	n	n	n	n	80000	100000	70	90	100	140	170	170	250	340	420	500	700	800	900	920	1000	1000	1000	1000	1000	1000	土属性墨玉玉佩
2448	0	9	1	9	4	n	n	n	n	80000	100000	34	50	50	70	100	100	120	170	150	170	270	400	540	700	800	840	800	2100	640	600	土属性黄玉玉佩
2449	0	9	1	10	4	n	n	n	n	80000	100000	0	17	27	40	50	50	60	70	80	90	170	200	240	270	300	600	800	2800	400	1300	土属性羊脂白玉
2450	0	9	1	n	n	85	增加生命上限	1	40	80000	30000	1700	2000	1400	1500	1700	2000	1900	1700	1500	1400	2700	2500	2400	2200	2000	3400	3000	2700	2400	2000	玉佩
2451	0	9	1	n	n	85	增加生命上限	41	80	200000	100000	340	400	500	600	700	1400	1500	1700	1900	2000	1700	1900	2000	2200	2400	2000	2200	2400	2500	2700	玉佩
2452	0	9	1	n	n	85	增加生命上限	81	120	1200000	200000	100	140	170	200	240	240	270	300	340	400	300	340	400	400	440	400	500	540	600	700	玉佩
2453	0	9	1	n	n	85	增加生命上限	121	200	3000000	500000	10	17	24	27	30	24	30	40	44	50	40	50	60	70	80	70	74	80	90	90	玉佩
2454	0	9	1	n	n	89	增加内力上限	1	40	80000	40000	1700	2000	1400	1500	1700	2000	1900	1700	1500	1400	2700	2500	2400	2200	2000	3400	3000	2700	2400	2000	玉佩
2455	0	9	1	n	n	89	增加内力上限	41	80	150000	100000	340	400	500	600	700	1400	1500	1700	1900	2000	1700	1900	2000	2200	2400	2000	2200	2400	2500	2700	玉佩
2456	0	9	1	n	n	89	增加内力上限	81	120	800000	200000	100	140	170	200	240	240	270	300	340	400	300	340	400	400	440	400	500	540	600	700	玉佩
2457	0	9	1	n	n	89	增加内力上限	121	200	2000000	500000	10	17	24	27	30	24	30	40	44	50	40	50	60	70	80	70	74	80	90	90	玉佩
2458	0	9	1	n	n	93	增加体力上限	1	40	50000	50000	1700	2000	1400	1500	1700	2000	1900	1700	1500	1400	2700	2500	2400	2200	2000	3400	3000	2700	2400	2000	玉佩
2459	0	9	1	n	n	93	增加体力上限	41	80	100000	100000	340	400	500	600	700	1400	1500	1700	1900	2000	1700	1900	2000	2200	2400	2000	2200	2400	2500	2700	玉佩
2460	0	9	1	n	n	93	增加体力上限	81	120	300000	200000	100	140	170	200	240	240	270	300	340	400	300	340	400	400	440	400	500	540	600	700	玉佩
2461	0	9	1	n	n	93	增加体力上限	121	200	500000	500000	10	17	24	27	30	24	30	40	44	50	40	50	60	70	80	70	74	80	90	90	玉佩
2462	0	9	1	n	n	96	每半秒回复体力	1	9	100000	500000	50	50	50	50	50	50	50	50	50	50	50	50	50	50	50	50	50	50	50	50	玉佩
2463	0	9	1	n	n	97	增加力量	1	10	100000	200000	700	1000	1400	1500	1700	2000	1900	1700	1500	1400	2700	2500	2400	2200	2000	3400	3000	2700	2400	2000	玉佩
2464	0	9	1	n	n	97	增加力量	11	15	1000000	1000000	34	40	50	70	84	70	80	94	107	120	100	140	170	200	240	170	190	200	220	240	玉佩
2465	0	9	1	n	n	98	增加身法	1	10	100000	100000	1000	1400	1400	1500	1700	2000	1900	1700	1500	1700	2700	2500	2400	2200	2000	10000	3000	2700	2400	2000	玉佩
2466	0	9	1	n	n	98	增加身法	11	16	1000000	500000	34	40	50	70	84	70	80	94	110	120	100	140	170	200	240	170	190	200	220	240	玉佩
2467	0	9	1	n	n	99	增加外功	1	10	100000	100000	1000	1400	1400	1500	1700	2000	1900	1700	1500	1700	2700	2500	2400	2200	2000	10000	3000	2700	2400	2000	玉佩
2468	0	9	1	n	n	99	增加外功	11	18	1000000	500000	34	40	50	70	84	70	80	94	110	120	100	140	170	200	240	170	190	200	220	240	玉佩
2469	0	9	1	n	n	101	增加毒防	1	5	100000	50000	1700	2000	1400	1500	1700	2000	1900	1700	1500	1400	2700	2500	2400	2200	2000	3400	3000	2700	2400	2000	玉佩
2470	0	9	1	n	n	101	增加毒防	6	14	150000	100000	340	400	500	600	700	470	540	600	700	740	700	840	1000	1200	1400	1000	1200	1400	1500	1700	玉佩
2471	0	9	1	n	n	101	增加毒防	15	20	500000	500000	70	100	140	150	170	170	150	170	190	200	170	190	200	220	240	170	200	240	270	300	玉佩
2472	0	9	1	n	n	105	增加冰防	1	5	100000	50000	1700	2000	1400	1500	1700	2000	1900	1700	1500	1400	2700	2500	2400	2200	2000	3400	3000	2700	2400	2000	玉佩
2473	0	9	1	n	n	105	增加冰防	6	14	150000	100000	340	400	500	600	700	470	540	600	700	740	700	840	1000	1200	1400	1000	1200	1400	1500	1700	玉佩
2474	0	9	1	n	n	105	增加冰防	15	20	1000000	500000	70	100	140	150	170	170	150	170	190	200	170	190	200	220	240	170	200	240	270	300	玉佩
2475	0	9	1	n	n	102	增加火防	1	5	100000	50000	1700	2000	1400	1500	1700	2000	1900	1700	1500	1400	2700	2500	2400	2200	2000	3400	3000	2700	2400	2000	玉佩
2476	0	9	1	n	n	102	增加火防	6	14	150000	100000	340	400	500	600	700	470	540	600	700	740	700	840	1000	1200	1400	1000	1200	1400	1500	1700	玉佩
2477	0	9	1	n	n	102	增加火防	15	20	1000000	500000	70	100	140	150	170	170	150	170	190	200	170	190	200	220	240	170	200	240	270	300	玉佩
2478	0	9	1	n	n	103	增加雷防	1	5	100000	50000	1700	2000	1400	1500	1700	2000	1900	1700	1500	1400	2700	2500	2400	2200	2000	3400	3000	2700	2400	2000	玉佩
2479	0	9	1	n	n	103	增加雷防	6	17	150000	100000	340	400	500	600	700	470	540	600	700	740	700	840	1000	1200	1400	1000	1200	1400	1500	1700	玉佩
2480	0	9	1	n	n	103	增加雷防	18	22	1000000	500000	70	100	140	150	170	170	150	170	190	200	170	190	200	220	240	170	200	240	270	300	玉佩
2481	6	1	400	20	0	n	n	n	n	75000	75000	0	0	0	0	0	0	0	0	0	0	0	0	0	0	0	0	0	0	0	0	金属性20级杀手锏
2482	6	1	400	20	1	n	n	n	n	75000	75000	0	0	0	0	0	0	0	0	0	0	0	0	0	0	0	0	0	0	0	0	木属性20级杀手锏
2483	6	1	400	20	2	n	n	n	n	75000	75000	0	0	0	0	0	0	0	0	0	0	0	0	0	0	0	0	0	0	0	0	水属性20级杀手锏
2484	6	1	400	20	3	n	n	n	n	75000	75000	0	0	0	0	0	0	0	0	0	0	0	0	0	0	0	0	0	0	0	0	火属性20级杀手锏
2485	6	1	400	20	4	n	n	n	n	75000	75000	0	0	0	0	0	0	0	0	0	0	0	0	0	0	0	0	0	0	0	0	土属性20级杀手锏
2486	6	1	400	30	0	n	n	n	n	100000	100000	0	0	0	0	0	0	0	0	0	0	0	0	0	0	0	0	0	0	0	0	金属性30级杀手锏
2487	6	1	400	30	1	n	n	n	n	100000	100000	0	0	0	0	0	0	0	0	0	0	0	0	0	0	0	0	0	0	0	0	木属性30级杀手锏
2488	6	1	400	30	2	n	n	n	n	100000	100000	0	0	0	0	0	0	0	0	0	0	0	0	0	0	0	0	0	0	0	0	水属性30级杀手锏
2489	6	1	400	30	3	n	n	n	n	100000	100000	0	0	0	0	0	0	0	0	0	0	0	0	0	0	0	0	0	0	0	0	火属性30级杀手锏
2490	6	1	400	30	4	n	n	n	n	100000	100000	0	0	0	0	0	0	0	0	0	0	0	0	0	0	0	0	0	0	0	0	土属性30级杀手锏
2491	6	1	400	40	0	n	n	n	n	150000	150000	0	0	0	0	0	0	0	0	0	0	0	0	0	0	0	0	0	0	0	0	金属性40级杀手锏
2492	6	1	400	40	1	n	n	n	n	150000	150000	0	0	0	0	0	0	0	0	0	0	0	0	0	0	0	0	0	0	0	0	木属性40级杀手锏
2493	6	1	400	40	2	n	n	n	n	150000	150000	0	0	0	0	0	0	0	0	0	0	0	0	0	0	0	0	0	0	0	0	水属性40级杀手锏
2494	6	1	400	40	3	n	n	n	n	150000	150000	0	0	0	0	0	0	0	0	0	0	0	0	0	0	0	0	0	0	0	0	火属性40级杀手锏
2495	6	1	400	40	4	n	n	n	n	150000	150000	0	0	0	0	0	0	0	0	0	0	0	0	0	0	0	0	0	0	0	0	土属性40级杀手锏
2496	6	1	400	50	0	n	n	n	n	250000	250000	0	0	0	0	0	0	0	0	0	0	0	0	0	0	0	0	0	0	0	0	金属性50级杀手锏
2497	6	1	400	50	1	n	n	n	n	250000	250000	0	0	0	0	0	0	0	0	0	0	0	0	0	0	0	0	0	0	0	0	木属性50级杀手锏
2498	6	1	400	50	2	n	n	n	n	250000	250000	0	0	0	0	0	0	0	0	0	0	0	0	0	0	0	0	0	0	0	0	水属性50级杀手锏
2499	6	1	400	50	3	n	n	n	n	250000	250000	0	0	0	0	0	0	0	0	0	0	0	0	0	0	0	0	0	0	0	0	火属性50级杀手锏
2500	6	1	400	50	4	n	n	n	n	250000	250000	0	0	0	0	0	0	0	0	0	0	0	0	0	0	0	0	0	0	0	0	土属性50级杀手锏
2501	6	1	400	60	0	n	n	n	n	300000	300000	0	0	0	0	0	0	0	0	0	0	0	0	0	0	0	0	0	0	0	0	金属性60级杀手锏
2502	6	1	400	60	1	n	n	n	n	300000	300000	0	0	0	0	0	0	0	0	0	0	0	0	0	0	0	0	0	0	0	0	木属性60级杀手锏
2503	6	1	400	60	2	n	n	n	n	300000	300000	0	0	0	0	0	0	0	0	0	0	0	0	0	0	0	0	0	0	0	0	水属性60级杀手锏
2504	6	1	400	60	3	n	n	n	n	300000	300000	0	0	0	0	0	0	0	0	0	0	0	0	0	0	0	0	0	0	0	0	火属性60级杀手锏
2505	6	1	400	60	4	n	n	n	n	300000	300000	0	0	0	0	0	0	0	0	0	0	0	0	0	0	0	0	0	0	0	0	土属性60级杀手锏
2506	6	1	400	70	0	n	n	n	n	400000	400000	0	0	0	0	0	0	0	0	0	0	0	0	0	0	0	0	0	0	0	0	金属性70级杀手锏
2507	6	1	400	70	1	n	n	n	n	400000	400000	0	0	0	0	0	0	0	0	0	0	0	0	0	0	0	0	0	0	0	0	木属性70级杀手锏
2508	6	1	400	70	2	n	n	n	n	400000	400000	0	0	0	0	0	0	0	0	0	0	0	0	0	0	0	0	0	0	0	0	水属性70级杀手锏
2509	6	1	400	70	3	n	n	n	n	400000	400000	0	0	0	0	0	0	0	0	0	0	0	0	0	0	0	0	0	0	0	0	火属性70级杀手锏
2510	6	1	400	70	4	n	n	n	n	400000	400000	0	0	0	0	0	0	0	0	0	0	0	0	0	0	0	0	0	0	0	0	土属性70级杀手锏
2511	6	1	400	80	0	n	n	n	n	500000	500000	0	0	0	0	0	0	0	0	0	0	0	0	0	0	0	0	0	0	0	0	金属性80级杀手锏
2512	6	1	400	80	1	n	n	n	n	500000	500000	0	0	0	0	0	0	0	0	0	0	0	0	0	0	0	0	0	0	0	0	木属性80级杀手锏
2513	6	1	400	80	2	n	n	n	n	500000	500000	0	0	0	0	0	0	0	0	0	0	0	0	0	0	0	0	0	0	0	0	水属性80级杀手锏
2514	6	1	400	80	3	n	n	n	n	500000	500000	0	0	0	0	0	0	0	0	0	0	0	0	0	0	0	0	0	0	0	0	火属性80级杀手锏
2515	6	1	400	80	4	n	n	n	n	500000	500000	0	0	0	0	0	0	0	0	0	0	0	0	0	0	0	0	0	0	0	0	土属性80级杀手锏
2516	6	1	400	90	0	n	n	n	n	750000	750000	0	0	0	0	0	0	0	0	0	0	0	0	0	0	0	5000	5000	5000	5000	5000	金属性90级杀手锏
2517	6	1	400	90	1	n	n	n	n	750000	750000	0	0	0	0	0	0	0	0	0	0	0	0	0	0	0	5000	5000	5000	5000	5000	木属性90级杀手锏
2518	6	1	400	90	2	n	n	n	n	750000	750000	0	0	0	0	0	0	0	0	0	0	0	0	0	0	0	5000	5000	5000	5000	5000	水属性90级杀手锏
2519	6	1	400	90	3	n	n	n	n	750000	750000	0	0	0	0	0	0	0	0	0	0	0	0	0	0	0	5000	5000	5000	5000	5000	火属性90级杀手锏
2520	6	1	400	90	4	n	n	n	n	750000	750000	0	0	0	0	0	0	0	0	0	0	0	0	0	0	0	5000	5000	5000	5000	5000	土属性90级杀手锏
2521	6	1	147	1	n	n	n	n	n	8000	20000	0	0	0	0	0	0	0	0	0	0	10000	9000	8000	7000	6000	8000	7000	6000	5000	4000	1级玄晶
2522	6	1	147	2	n	n	n	n	n	40000	30000	0	0	0	0	0	0	0	0	0	0	5000	6000	7000	8000	9000	6000	7000	8000	9000	10000	2级玄晶
2523	6	1	147	3	n	n	n	n	n	200000	50000	0	0	0	0	0	0	0	0	0	0	1000	1200	1400	1600	1800	1200	1500	1800	2100	2400	3级玄晶
2524	6	1	147	4	n	n	n	n	n	800000	100000	0	0	0	0	0	0	0	0	0	0	200	300	400	500	600	300	450	600	750	900	4级玄晶
2525	6	1	147	5	n	n	n	n	n	3000000	500000	0	0	0	0	0	0	0	0	0	0	40	60	80	100	120	140	160	180	200	220	5级玄晶
2526	6	1	147	6	n	n	n	n	n	10000000	2000000	0	0	0	0	0	0	0	0	0	0	1	2	3	4	5	6	7	8	9	10	6级玄晶
