Name	Quality	Genre	Detail	Particular	Level	GoodsFive	Magiclevel	ItemValue	ItemRate
物品名称	是否黄金	大类	分类	细类	等级	五行	魔法等级	价值量	概率
古旧箱子	0	6	1	902	1	0	0	6000000	3988
神秘矿石	0	6	1	398	1	0	0	100000000	1
4级玄晶矿石	0	6	1	147	4	0	0	900000	500
5级玄晶矿石	0	6	1	147	5	0	0	3300000	500
6级玄晶矿石	0	6	1	147	6	0	0	12600000	100
7级玄晶矿石	0	6	1	147	7	0	0	36770000	20
8级玄晶矿石	0	6	1	147	8	0	0	126040000	1
福缘露（小）	0	6	1	122	1	0	0	600000	500
福缘露（中）	0	6	1	123	1	0	0	1200000	200
福缘露（大）	0	6	1	124	1	0	0	3000000	100
仙草露	0	6	1	71	1	0	0	400000	200
猩红宝石	0	4	353	1	1	0	0	4500000	300
蓝水晶	0	4	238	1	1	0	0	5000000	500
绿水晶	0	4	240	1	1	0	0	5000000	500
紫水晶	0	4	239	1	1	0	0	5000000	500
洗髓经	0	6	1	22	1	0	0	42000000	30
武林秘籍	0	6	1	26	1	0	0	55000000	30
定国之青纱长衫	1	159	1	1	1	0	0	45000000	20
定国之钨砂发冠	1	160	1	1	1	0	0	120000000	20
定国之赤绢软靴	1	161	1	1	1	0	0	12000000	20
定国之紫藤护腕	1	162	1	1	1	0	0	12000000	20
定国之银蚕腰带	1	163	1	1	1	0	0	12000000	20
安邦之冰晶石项链	1	164	1	1	1	0	0	200000000	20
安邦之菊花石指环	1	165	1	1	1	0	0	150000000	20
安邦之田黄石玉佩	1	166	1	1	1	0	0	120000000	20
安邦之鸡血石戒指	1	167	1	1	1	0	0	150000000	20
金刚不破・同伴秘籍	0	6	1	834	6	0	0	3000000	25
百毒不侵・同伴秘籍	0	6	1	835	6	0	0	3000000	25
冰雪初融・同伴秘籍	0	6	1	836	6	0	0	3000000	25
真火抗力・同伴秘籍	0	6	1	837	6	0	0	3000000	25
雷霆护甲・同伴秘籍	0	6	1	838	6	0	0	3000000	25
平和气诀・同伴秘籍	0	6	1	849	6	0	0	3000000	25
虚空闪影・同伴秘籍	0	6	1	850	6	0	0	3000000	25
会神静心・同伴秘籍	0	6	1	851	6	0	0	3000000	25
无念心经・同伴秘籍	0	6	1	852	6	0	0	3000000	25
五行无相・同伴秘籍	0	6	1	853	6	0	0	3000000	25
弥气飘踪・同伴秘籍	0	6	1	854	6	0	0	3000000	25
花飞碟舞・同伴秘籍	0	6	1	855	6	0	0	3000000	25
无人无我・同伴秘籍	0	6	1	901	6	0	0	3000000	25
性傲三冬・同伴秘籍	0	6	1	859	6	0	0	3000000	25
点血截脉・同伴秘籍	0	6	1	860	6	0	0	3000000	25
万毒不复・同伴秘籍	0	6	1	861	6	0	0	3000000	25
身轻如燕・同伴秘籍	0	6	1	862	6	0	0	3000000	25
凝音归元・同伴秘籍	0	6	1	863	6	0	0	3000000	25
易骨经・同伴秘籍	0	6	1	864	6	0	0	3000000	25
束身术・同伴秘籍	0	6	1	865	6	0	0	3000000	25
缓身术・同伴秘籍	0	6	1	866	6	0	0	3000000	25
眩目定身术・同伴秘籍	0	6	1	867	6	0	0	3000000	25
益寿阴阳・同伴秘籍	0	6	1	868	6	0	0	3000000	25
安抚之语・同伴秘籍	0	6	1	869	6	0	0	3000000	25
三生有幸・同伴秘籍	0	6	1	870	6	0	0	3000000	25
鬼迷魅惑・同伴秘籍	0	6	1	871	6	0	0	3000000	25
夺命缠绕・同伴秘籍	0	6	1	872	6	0	0	3000000	25
妖狐倩影・同伴秘籍	0	6	1	873	6	0	0	3000000	25
惑神乱心・同伴秘籍	0	6	1	874	6	0	0	3000000	25
孤身碎影・同伴秘籍	0	6	1	875	6	0	0	3000000	25
死亡羁绊・同伴秘籍	0	6	1	876	6	0	0	3000000	25
深魂念唱・同伴秘籍	0	6	1	877	6	0	0	3000000	25
及魄之咒・同伴秘籍	0	6	1	878	6	0	0	3000000	25
化髓无意・同伴秘籍	0	6	1	879	6	0	0	3000000	25
融骨无踪・同伴秘籍	0	6	1	880	6	0	0	3000000	25
暗毒之手・同伴秘籍	0	6	1	882	6	0	0	3000000	25
三伏之气・同伴秘籍	0	6	1	883	6	0	0	3000000	25
金刚不破・同伴秘籍	0	6	1	834	7	0	0	3000000	25
百毒不侵・同伴秘籍	0	6	1	835	7	0	0	3000000	25
冰雪初融・同伴秘籍	0	6	1	836	7	0	0	3000000	25
真火抗力・同伴秘籍	0	6	1	837	7	0	0	3000000	25
雷霆护甲・同伴秘籍	0	6	1	838	7	0	0	3000000	25
平和气诀・同伴秘籍	0	6	1	849	7	0	0	3000000	25
虚空闪影・同伴秘籍	0	6	1	850	7	0	0	3000000	25
会神静心・同伴秘籍	0	6	1	851	7	0	0	3000000	25
无念心经・同伴秘籍	0	6	1	852	7	0	0	3000000	25
五行无相・同伴秘籍	0	6	1	853	7	0	0	3000000	25
弥气飘踪・同伴秘籍	0	6	1	854	7	0	0	3000000	25
花飞碟舞・同伴秘籍	0	6	1	855	7	0	0	3000000	25
无人无我・同伴秘籍	0	6	1	901	7	0	0	3000000	25
性傲三冬・同伴秘籍	0	6	1	859	7	0	0	3000000	25
点血截脉・同伴秘籍	0	6	1	860	7	0	0	3000000	25
万毒不复・同伴秘籍	0	6	1	861	7	0	0	3000000	25
身轻如燕・同伴秘籍	0	6	1	862	7	0	0	3000000	25
凝音归元・同伴秘籍	0	6	1	863	7	0	0	3000000	25
易骨经・同伴秘籍	0	6	1	864	7	0	0	3000000	25
束身术・同伴秘籍	0	6	1	865	7	0	0	3000000	25
缓身术・同伴秘籍	0	6	1	866	7	0	0	3000000	25
眩目定身术・同伴秘籍	0	6	1	867	7	0	0	3000000	25
益寿阴阳・同伴秘籍	0	6	1	868	7	0	0	3000000	25
安抚之语・同伴秘籍	0	6	1	869	7	0	0	3000000	25
三生有幸・同伴秘籍	0	6	1	870	7	0	0	3000000	25
鬼迷魅惑・同伴秘籍	0	6	1	871	7	0	0	3000000	25
夺命缠绕・同伴秘籍	0	6	1	872	7	0	0	3000000	25
妖狐倩影・同伴秘籍	0	6	1	873	7	0	0	3000000	25
惑神乱心・同伴秘籍	0	6	1	874	7	0	0	3000000	25
孤身碎影・同伴秘籍	0	6	1	875	7	0	0	3000000	25
死亡羁绊・同伴秘籍	0	6	1	876	7	0	0	3000000	25
深魂念唱・同伴秘籍	0	6	1	877	7	0	0	3000000	25
及魄之咒・同伴秘籍	0	6	1	878	7	0	0	3000000	25
化髓无意・同伴秘籍	0	6	1	879	7	0	0	3000000	25
融骨无踪・同伴秘籍	0	6	1	880	7	0	0	3000000	25
暗毒之手・同伴秘籍	0	6	1	882	7	0	0	3000000	25
三伏之气・同伴秘籍	0	6	1	883	7	0	0	3000000	25
