名称	道具种类	具体类别	详细类别	动画文件名	对应物件索引	宽度	高度	说明文字	五行属性	价格	等级	是否叠放	基础属性1类型	基础属性1最小值	基础属性1最大值	基础属性2类型	基础属性2最小值	基础属性2最大值	基础属性3类型	基础属性3最小值	基础属性3最大值	基础属性4类型	基础属性4最小值	基础属性4最大值	基础属性5类型	基础属性5最小值	基础属性5最大值	基础属性6类型	基础属性6最小值	基础属性6最大值	基础属性7类型	基础属性7最小值	基础属性7最大值	需求属性1类型	需求属性1数值	需求属性2类型	需求属性2数值	需求属性3类型	需求属性3数值	需求属性4类型	需求属性4数值	需求属性5类型	需求属性5数值	需求属性6类型	需求属性6数值
劣黄马	0	10	0	\spr\item\equip\horse\horse003.spr	40	2	3	劣马，鞭策也跑不快。	0	5000	1	0	111	10%	10%	93	50	50	85	10	10	150	-10	-10										36	20										
劣黄马	0	10	0	\spr\item\equip\horse\horse003.spr	40	2	3	劣马，鞭策也跑不快。	0	5000	2	0	111	10%	10%	93	50	50	85	10	10	150	-10	-10										36	25										
黄马	0	10	0	\spr\item\equip\horse\horse003.spr	40	2	3	黄色的普通马，脚程一般。	0	10000	3	0	111	20%	20%	93	100	100	85	20	20	150	-20	-20										36	30										
黄马	0	10	0	\spr\item\equip\horse\horse003.spr	40	2	3	黄色的普通马，脚程一般。	0	10000	4	0	111	20%	20%	93	100	100	85	20	20	150	-20	-20										36	35										
黄骠	0	10	0	\spr\item\equip\horse\horse003.spr	40	2	3	比较好的黄骠马，日行百里。	0	20000	5	0	111	30%	30%	93	200	200	85	50	50	150	-50	-50										36	40										
黄骠	0	10	0	\spr\item\equip\horse\horse003.spr	40	2	3	比较好的黄骠马，日行百里。	0	20000	6	0	111	30%	30%	93	200	200	85	50	50	150	-50	-50										36	45										
大宛黄马	0	10	0	\spr\item\equip\horse\horse003.spr	40	2	3	难得的骏马，千金难求。	0	50000	7	0	111	40%	40%	93	500	500	85	100	100	150	-100	-100										36	50										
大宛黄马	0	10	0	\spr\item\equip\horse\horse003.spr	40	2	3	难得的骏马，千金难求。	0	50000	8	0	111	40%	40%	93	500	500	85	100	100	150	-100	-100										36	55										
飞黄	0	10	0	\spr\item\equip\horse\horse003.spr	40	2	3	周穆王八骏之一，日行千里。	0	100000	9	0	111	50%	50%	93	1000	1000	85	200	200	150	-200	-200										36	60										
飞黄	0	10	0	\spr\item\equip\horse\horse003.spr	40	2	3	周穆王八骏之一，日行千里。	0	100000	10	0	111	50%	50%	93	1000	1000	85	200	200	150	-200	-200										36	72										
劣青马	0	10	1	\spr\item\equip\horse\horse001.spr	40	2	3	下等资质，毛皮无光的青色劣马。	1	5000	1	0	111	10%	10%	93	50	50	85	5	5	150	-15	-15										36	20										
劣青马	0	10	1	\spr\item\equip\horse\horse001.spr	40	2	3	下等资质，毛皮无光的青色劣马。	1	5000	2	0	111	10%	10%	93	50	50	85	5	5	150	-15	-15										36	25										
青骢	0	10	1	\spr\item\equip\horse\horse001.spr	40	2	3	很常见的一种青马，脚程一般。	1	10000	3	0	111	20%	20%	93	100	100	85	10	10	150	-30	-30										36	30										
青骢	0	10	1	\spr\item\equip\horse\horse001.spr	40	2	3	很常见的一种青马，脚程一般。	1	10000	4	0	111	20%	20%	93	100	100	85	10	10	150	-30	-30										36	35										
紫骝	0	10	1	\spr\item\equip\horse\horse001.spr	40	2	3	军队常用马，脚程不错。	1	20000	5	0	111	30%	30%	93	200	200	85	20	20	150	-80	-80										36	40										
紫骝	0	10	1	\spr\item\equip\horse\horse001.spr	40	2	3	军队常用马，脚程不错。	1	20000	6	0	111	30%	30%	93	200	200	85	20	20	150	-80	-80										36	45
大宛青马	0	10	1	\spr\item\equip\horse\horse001.spr	40	2	3	大宛名马之一，青色皮毛，光洁如玉。	1	50000	7	0	111	40%	40%	93	500	500	85	50	50	150	-160	-160										36	50
大宛青马	0	10	1	\spr\item\equip\horse\horse001.spr	40	2	3	大宛名马之一，青色皮毛，光洁如玉。	1	50000	8	0	111	40%	40%	93	500	500	85	50	50	150	-160	-160										36	55
骅骝	0	10	1	\spr\item\equip\horse\horse001.spr	40	2	3	色如华而赤，高级品，周穆王八骏之一。	1	100000	9	0	111	50%	50%	93	1000	1000	85	100	100	150	-320	-320										36	60
骅骝	0	10	1	\spr\item\equip\horse\horse001.spr	40	2	3	色如华而赤，高级品，周穆王八骏之一。	1	100000	10	0	111	50%	50%	93	1000	1000	85	100	100	150	-320	-320										36	72
劣白马	0	10	2	\spr\item\equip\horse\horse007.spr	40	2	3	白色的劣等马，非常便宜。	2	5000	1	0	111	20%	20%	93	50	50	85	5	5	150	-10	-10										36	20
劣白马	0	10	2	\spr\item\equip\horse\horse007.spr	40	2	3	白色的劣等马，非常便宜。	2	5000	2	0	111	20%	20%	93	50	50	85	5	5	150	-10	-10										36	25
白马	0	10	2	\spr\item\equip\horse\horse007.spr	40	2	3	普通的白马，随处可见。	2	10000	3	0	111	30%	30%	93	100	100	85	10	10	150	-20	-20										36	30
白马	0	10	2	\spr\item\equip\horse\horse007.spr	40	2	3	普通的白马，随处可见。	2	10000	4	0	111	30%	30%	93	100	100	85	10	10	150	-20	-20										36	35
玉花骢	0	10	2	\spr\item\equip\horse\horse007.spr	40	2	3	传闻中的一种天马，实际上是一种大宛良驹。	2	20000	5	0	111	40%	40%	93	200	200	85	20	20	150	-50	-50										36	40
玉花骢	0	10	2	\spr\item\equip\horse\horse007.spr	40	2	3	传闻中的一种天马，实际上是一种大宛良驹。	2	20000	6	0	111	40%	40%	93	200	200	85	20	20	150	-50	-50										36	45
大宛白马	0	10	2	\spr\item\equip\horse\horse007.spr	40	2	3	大宛名马之一，雪白皮毛，脚程很快。	2	50000	7	0	111	50%	50%	93	500	500	85	50	50	150	-100	-100										36	50
大宛白马	0	10	2	\spr\item\equip\horse\horse007.spr	40	2	3	大宛名马之一，雪白皮毛，脚程很快。	2	50000	8	0	111	50%	50%	93	500	500	85	50	50	150	-100	-100										36	55
XZ	0	10	2	\spr\item\equip\horse\horse007.spr	40	2	3	纯白的千里马，洁白无暇，超尘脱俗。	2	100000	9	0	111	60%	60%	93	1000	1000	85	100	100	150	-200	-200										36	60
XZ	0	10	2	\spr\item\equip\horse\horse007.spr	40	2	3	纯白的千里马，洁白无暇，超尘脱俗。	2	100000	10	0	111	60%	60%	93	1000	1000	85	100	100	150	-200	-200										36	72
劣黑马	0	10	3	\spr\item\equip\horse\horse009.spr	40	2	3	黑色劣马，品种很差，脾性也不太好。	3	5000	1	0	111	10%	10%	93	50	50	85	5	5	150	-10	-10										36	20
劣黑马	0	10	3	\spr\item\equip\horse\horse009.spr	40	2	3	黑色劣马，品种很差，脾性也不太好。	3	5000	2	0	111	10%	10%	93	50	50	85	5	5	150	-10	-10										36	25
黑马	0	10	3	\spr\item\equip\horse\horse009.spr	40	2	3	常见马，一般人都能够买的起。	3	10000	3	0	111	20%	20%	93	100	100	85	10	10	150	-20	-20										36	30
黑马	0	10	3	\spr\item\equip\horse\horse009.spr	40	2	3	常见马，一般人都能够买的起。	3	10000	4	0	111	20%	20%	93	100	100	85	10	10	150	-20	-20										36	35
黑骐	0	10	3	\spr\item\equip\horse\horse009.spr	40	2	3	比较好的军马，战士喜用。	3	20000	5	0	111	30%	30%	93	200	200	85	20	20	150	-50	-50										36	40
黑骐	0	10	3	\spr\item\equip\horse\horse009.spr	40	2	3	比较好的军马，战士喜用。	3	20000	6	0	111	30%	30%	93	200	200	85	20	20	150	-50	-50										36	45
大宛黑马	0	10	3	\spr\item\equip\horse\horse009.spr	40	2	3	大宛名马之一，体力和脚力都很优秀。	3	50000	7	0	111	40%	40%	93	500	500	85	50	50	150	-100	-100										36	50
大宛黑马	0	10	3	\spr\item\equip\horse\horse009.spr	40	2	3	大宛名马之一，体力和脚力都很优秀。	3	50000	8	0	111	40%	40%	93	500	500	85	50	50	150	-100	-100										36	55
乌骓	0	10	3	\spr\item\equip\horse\horse009.spr	40	2	3	楚霸王的坐骑，千里名马。	3	100000	9	0	111	50%	50%	93	1000	1000	85	100	100	150	-200	-200										36	60
乌骓	0	10	3	\spr\item\equip\horse\horse009.spr	40	2	3	楚霸王的坐骑，千里名马。	3	100000	10	0	111	50%	50%	93	1000	1000	85	100	100	150	-200	-200										36	72
劣红马	0	10	4	\spr\item\equip\horse\horse002.spr	40	2	3	红色劣马，一看就知道是赔钱货。	4	5000	1	0	111	10%	10%	93	50	50	85	10	10	150	-10	-10										36	20
劣红马	0	10	4	\spr\item\equip\horse\horse002.spr	40	2	3	红色劣马，一看就知道是赔钱货。	4	5000	2	0	111	10%	10%	93	50	50	85	10	10	150	-10	-10										36	25
红马	0	10	4	\spr\item\equip\horse\horse002.spr	40	2	3	红色的普通马，可用于一般骑乘。	4	10000	3	0	111	20%	20%	93	100	100	85	20	20	150	-20	-20										36	30
红马	0	10	4	\spr\item\equip\horse\horse002.spr	40	2	3	红色的普通马，可用于一般骑乘。	4	10000	4	0	111	20%	20%	93	100	100	85	20	20	150	-20	-20										36	35
红骊	0	10	4	\spr\item\equip\horse\horse002.spr	40	2	3	红色中等马，实力不错，价格公道。	4	20000	5	0	111	30%	30%	93	200	200	85	40	40	150	-50	-50										36	40
红骊	0	10	4	\spr\item\equip\horse\horse002.spr	40	2	3	红色中等马，实力不错，价格公道。	4	20000	6	0	111	30%	30%	93	200	200	85	40	40	150	-50	-50										36	45
大宛汗血马	0	10	4	\spr\item\equip\horse\horse002.spr	40	2	3	大宛国特产的名马，千金难买。	4	50000	7	0	111	40%	40%	93	500	500	85	100	100	150	-100	-100										36	50
大宛汗血马	0	10	4	\spr\item\equip\horse\horse002.spr	40	2	3	大宛国特产的名马，千金难买。	4	50000	8	0	111	40%	40%	93	500	500	85	100	100	150	-100	-100										36	55
赤骥	0	10	4	\spr\item\equip\horse\horse002.spr	40	2	3	也就是骐骥，周穆王八骏之一。	4	100000	9	0	111	50%	50%	93	1000	1000	85	200	200	150	-200	-200										36	60
赤骥	0	10	4	\spr\item\equip\horse\horse002.spr	40	2	3	也就是骐骥，周穆王八骏之一。	4	100000	10	0	111	50%	50%	93	1000	1000	85	200	200	150	-200	-200										36	72
乌云踏雪	0	10	5	\spr\item\equip\horse\horse010.spr	40	2	3	绝世名马，关外名驹，千里绝群。	5	500000	1	0	111	80%	80%	93	1000	1000	233	200	200	150	200	200										36	80
赤兔	0	10	5	\spr\item\equip\horse\horse011.spr	40	2	3	"追风逐电，赤兔超光,灵逸神骏的名马。"	5	500000	2	0	111	80%	80%	93	1000	1000	233	500	500	150	200	200										36	80
绝影	0	10	5	\spr\item\equip\horse\horse005.spr	40	2	3	绝世名马，充满霸气，曾为曹操坐骑。	5	500000	3	0	111	80%	80%	93	1000	1000	233	200	200	150	500	500										36	80
的卢	0	10	5	\spr\item\equip\horse\horse008.spr	40	2	3	马中极品，追风绝地，飞翻奔霄。	5	500000	4	0	111	80%	80%	93	1000	1000	233	300	300	150	300	300										36	80
照夜玉狮子	0	10	5	\spr\item\equip\horse\horse012.spr	40	2	3	具有奇特力量的神驹，踏雾登云气力长。	5	500000	5	0	111	100%	100%	93	1000	1000	233	200	200	150	200	200										36	80
乌云踏雪	0	10	5	\spr\item\equip\horse\horse010.spr	40	2	3	绝世名马，关外名驹，千里绝群。	5	500000	6	0	111	80%	80%	93	1000	1000	233	200	200	150	200	200										36	80
赤兔	0	10	5	\spr\item\equip\horse\horse011.spr	40	2	3	"追风逐电，赤兔超光,灵逸神骏的名马。"	5	500000	7	0	111	80%	80%	93	1000	1000	233	500	500	150	200	200										36	80
绝影	0	10	5	\spr\item\equip\horse\horse005.spr	40	2	3	绝世名马，充满霸气，曾为曹操坐骑。	5	500000	8	0	111	80%	80%	93	1000	1000	233	200	200	150	500	500										36	80
的卢	0	10	5	\spr\item\equip\horse\horse008.spr	40	2	3	马中极品，追风绝地，飞翻奔霄。	5	500000	9	0	111	80%	80%	93	1000	1000	233	300	300	150	300	300										36	80
照夜玉狮子	0	10	5	\spr\item\equip\horse\horse012.spr	40	2	3	具有奇特力量的神驹，踏雾登云气力长。	5	500000	10	0	111	100%	100%	93	1000	1000	233	200	200	150	200	200										36	80
奔宵	0	10	6	\spr\item\equip\horse\horse010.spr	40	2	3	周穆王八骏之一，野行千里。	5	500000	1	0	111	100%	100%	93	1000	1000	233	500	500	150	500	500										36	120
奔宵	0	10	6	\spr\item\equip\horse\horse010.spr	40	2	3	周穆王八骏之一，野行千里。	5	500000	2	0	111	100%	100%	93	1000	1000	233	500	500	150	500	500										36	120
奔宵	0	10	6	\spr\item\equip\horse\horse010.spr	40	2	3	周穆王八骏之一，野行千里。	5	500000	3	0	111	100%	100%	93	1000	1000	233	500	500	150	500	500										36	120
奔宵	0	10	6	\spr\item\equip\horse\horse010.spr	40	2	3	周穆王八骏之一，野行千里。	5	500000	4	0	111	100%	100%	93	1000	1000	233	500	500	150	500	500										36	120
奔宵	0	10	6	\spr\item\equip\horse\horse010.spr	40	2	3	周穆王八骏之一，野行千里。	5	500000	5	0	111	100%	100%	93	1000	1000	233	500	500	150	500	500										36	120
奔宵	0	10	6	\spr\item\equip\horse\horse010.spr	40	2	3	周穆王八骏之一，野行千里。	5	500000	6	0	111	100%	100%	93	1000	1000	233	500	500	150	500	500										36	120
奔宵	0	10	6	\spr\item\equip\horse\horse010.spr	40	2	3	周穆王八骏之一，野行千里。	5	500000	7	0	111	100%	100%	93	1000	1000	233	500	500	150	500	500										36	120
奔宵	0	10	6	\spr\item\equip\horse\horse010.spr	40	2	3	周穆王八骏之一，野行千里。	5	500000	8	0	111	100%	100%	93	1000	1000	233	500	500	150	500	500										36	120
奔宵	0	10	6	\spr\item\equip\horse\horse010.spr	40	2	3	周穆王八骏之一，野行千里。	5	500000	9	0	111	100%	100%	93	1000	1000	233	500	500	150	500	500										36	120
奔宵	0	10	6	\spr\item\equip\horse\horse010.spr	40	2	3	周穆王八骏之一，野行千里。	5	500000	10	0	111	100%	100%	93	1000	1000	233	500	500	150	500	500										36	120
翻羽	0	10	7	\spr\item\equip\horse\horse012.spr	40	2	3	周穆王八骏之一，行越飞禽。	5	500000	1	0	111	100%	100%	93	1000	1000	233	500	500	150	500	500	241	10	10							36	150
翻羽	0	10	7	\spr\item\equip\horse\horse012.spr	40	2	3	周穆王八骏之一，行越飞禽。	5	500000	2	0	111	100%	100%	93	1000	1000	233	500	500	150	500	500	241	10	10							36	150
翻羽	0	10	7	\spr\item\equip\horse\horse012.spr	40	2	3	周穆王八骏之一，行越飞禽。	5	500000	3	0	111	100%	100%	93	1000	1000	233	500	500	150	500	500	241	10	10							36	150
翻羽	0	10	7	\spr\item\equip\horse\horse012.spr	40	2	3	周穆王八骏之一，行越飞禽。	5	500000	4	0	111	100%	100%	93	1000	1000	233	500	500	150	500	500	241	10	10							36	150
翻羽	0	10	7	\spr\item\equip\horse\horse012.spr	40	2	3	周穆王八骏之一，行越飞禽。	5	500000	5	0	111	100%	100%	93	1000	1000	233	500	500	150	500	500	241	10	10							36	150
翻羽	0	10	7	\spr\item\equip\horse\horse012.spr	40	2	3	周穆王八骏之一，行越飞禽。	5	500000	6	0	111	100%	100%	93	1000	1000	233	500	500	150	500	500	241	10	10							36	150
翻羽	0	10	7	\spr\item\equip\horse\horse012.spr	40	2	3	周穆王八骏之一，行越飞禽。	5	500000	7	0	111	100%	100%	93	1000	1000	233	500	500	150	500	500	241	10	10							36	150
翻羽	0	10	7	\spr\item\equip\horse\horse012.spr	40	2	3	周穆王八骏之一，行越飞禽。	5	500000	8	0	111	100%	100%	93	1000	1000	233	500	500	150	500	500	241	10	10							36	150
翻羽	0	10	7	\spr\item\equip\horse\horse012.spr	40	2	3	周穆王八骏之一，行越飞禽。	5	500000	9	0	111	100%	100%	93	1000	1000	233	500	500	150	500	500	241	10	10							36	150
翻羽	0	10	7	\spr\item\equip\horse\horse012.spr	40	2	3	周穆王八骏之一，行越飞禽。	5	500000	10	0	111	100%	100%	93	1000	1000	233	500	500	150	500	500	241	10	10							36	150		
飞云	0	10	8	\spr\item\equip\horse\horse004.spr	40	2	3	周穆王八骏之一，驰速穿云。	5	100000	1	0	111	100%	100%	93	1000	1000	233	400	400	150	200	200										36	100		
飞云	0	10	8	\spr\item\equip\horse\horse004.spr	40	2	3	周穆王八骏之一，驰速穿云。	5	100000	2	0	111	100%	100%	93	1000	1000	233	400	400	150	200	200										36	100		
飞云	0	10	8	\spr\item\equip\horse\horse004.spr	40	2	3	周穆王八骏之一，驰速穿云。	5	100000	3	0	111	100%	100%	93	1000	1000	233	400	400	150	200	200										36	100		
飞云	0	10	8	\spr\item\equip\horse\horse004.spr	40	2	3	周穆王八骏之一，驰速穿云。	5	100000	4	0	111	100%	100%	93	1000	1000	233	400	400	150	200	200										36	100		
飞云	0	10	8	\spr\item\equip\horse\horse004.spr	40	2	3	周穆王八骏之一，驰速穿云。	5	100000	5	0	111	100%	100%	93	1000	1000	233	400	400	150	200	200										36	100		
飞云	0	10	8	\spr\item\equip\horse\horse004.spr	40	2	3	周穆王八骏之一，驰速穿云。	5	100000	6	0	111	100%	100%	93	1000	1000	233	400	400	150	200	200										36	100		
飞云	0	10	8	\spr\item\equip\horse\horse004.spr	40	2	3	周穆王八骏之一，驰速穿云。	5	100000	7	0	111	100%	100%	93	1000	1000	233	400	400	150	200	200										36	100		
飞云	0	10	8	\spr\item\equip\horse\horse004.spr	40	2	3	周穆王八骏之一，驰速穿云。	5	100000	8	0	111	100%	100%	93	1000	1000	233	400	400	150	200	200										36	100		
飞云	0	10	8	\spr\item\equip\horse\horse004.spr	40	2	3	周穆王八骏之一，驰速穿云。	5	100000	9	0	111	100%	100%	93	1000	1000	233	400	400	150	200	200										36	100		
飞云	0	10	8	\spr\item\equip\horse\horse004.spr	40	2	3	周穆王八骏之一，驰速穿云。	5	100000	10	0	111	100%	100%	93	1000	1000	233	400	400	150	200	200										36	100		
赤龙驹	0	10	9	\spr\item\equip\horse\horse008.spr	40	2	3	梁时神马，御风而行，翩若惊鸿。	6	500000	1	0	111	100%	100%	93	1200	1200	233	700	700	150	700	700	241	10	10							36	130	46	1
赤龙驹	0	10	9	\spr\item\equip\horse\horse008.spr	40	2	3	梁时神马，御风而行，翩若惊鸿。	6	500000	2	0	111	100%	100%	93	1200	1200	233	700	700	150	700	700	241	10	10							36	130	46	1
赤龙驹	0	10	9	\spr\item\equip\horse\horse008.spr	40	2	3	梁时神马，御风而行，翩若惊鸿。	6	500000	3	0	111	100%	100%	93	1200	1200	233	700	700	150	700	700	241	10	10							36	130	46	1
赤龙驹	0	10	9	\spr\item\equip\horse\horse008.spr	40	2	3	梁时神马，御风而行，翩若惊鸿。	6	500000	4	0	111	100%	100%	93	1200	1200	233	700	700	150	700	700	241	10	10							36	130	46	1
赤龙驹	0	10	9	\spr\item\equip\horse\horse008.spr	40	2	3	梁时神马，御风而行，翩若惊鸿。	6	500000	5	0	111	100%	100%	93	1200	1200	233	700	700	150	700	700	241	10	10							36	130	46	1
赤龙驹	0	10	9	\spr\item\equip\horse\horse008.spr	40	2	3	梁时神马，御风而行，翩若惊鸿。	6	500000	6	0	111	100%	100%	93	1200	1200	233	700	700	150	700	700	241	10	10							36	130	46	1
赤龙驹	0	10	9	\spr\item\equip\horse\horse008.spr	40	2	3	梁时神马，御风而行，翩若惊鸿。	6	500000	7	0	111	100%	100%	93	1200	1200	233	700	700	150	700	700	241	10	10							36	130	46	1
赤龙驹	0	10	9	\spr\item\equip\horse\horse008.spr	40	2	3	梁时神马，御风而行，翩若惊鸿。	6	500000	8	0	111	100%	100%	93	1200	1200	233	700	700	150	700	700	241	10	10							36	130	46	1
赤龙驹	0	10	9	\spr\item\equip\horse\horse008.spr	40	2	3	梁时神马，御风而行，翩若惊鸿。	6	500000	9	0	111	100%	100%	93	1200	1200	233	700	700	150	700	700	241	10	10							36	130	46	1
赤龙驹	0	10	9	\spr\item\equip\horse\horse008.spr	40	2	3	梁时神马，御风而行，翩若惊鸿。	6	500000	10	0	111	100%	100%	93	1200	1200	233	700	700	150	700	700	241	10	10							36	130	46	1
绝地	0	10	10	\spr\item\equip\horse\horse009.spr	40	2	3	周穆王八骏之一，足不践土。	5	500000	1	0	111	100%	100%	93	1000	1000	233	500	500	150	500	500	241	10	10							36	150		
绝地	0	10	10	\spr\item\equip\horse\horse009.spr	40	2	3	周穆王八骏之一，足不践土。	5	500000	2	0	111	100%	100%	93	1000	1000	233	500	500	150	500	500	241	10	10							36	150		
绝地	0	10	10	\spr\item\equip\horse\horse009.spr	40	2	3	周穆王八骏之一，足不践土。	5	500000	3	0	111	100%	100%	93	1000	1000	233	500	500	150	500	500	241	10	10							36	150		
绝地	0	10	10	\spr\item\equip\horse\horse009.spr	40	2	3	周穆王八骏之一，足不践土。	5	500000	4	0	111	100%	100%	93	1000	1000	233	500	500	150	500	500	241	10	10							36	150		
绝地	0	10	10	\spr\item\equip\horse\horse009.spr	40	2	3	周穆王八骏之一，足不践土。	5	500000	5	0	111	100%	100%	93	1000	1000	233	500	500	150	500	500	241	10	10							36	150		
绝地	0	10	10	\spr\item\equip\horse\horse009.spr	40	2	3	周穆王八骏之一，足不践土。	5	500000	6	0	111	100%	100%	93	1000	1000	233	500	500	150	500	500	241	10	10							36	150		
绝地	0	10	10	\spr\item\equip\horse\horse009.spr	40	2	3	周穆王八骏之一，足不践土。	5	500000	7	0	111	100%	100%	93	1000	1000	233	500	500	150	500	500	241	10	10							36	150		
绝地	0	10	10	\spr\item\equip\horse\horse009.spr	40	2	3	周穆王八骏之一，足不践土。	5	500000	8	0	111	100%	100%	93	1000	1000	233	500	500	150	500	500	241	10	10							36	150		
绝地	0	10	10	\spr\item\equip\horse\horse009.spr	40	2	3	周穆王八骏之一，足不践土。	5	500000	9	0	111	100%	100%	93	1000	1000	233	500	500	150	500	500	241	10	10							36	150		
绝地	0	10	10	\spr\item\equip\horse\horse009.spr	40	2	3	周穆王八骏之一，足不践土。	5	500000	10	0	111	100%	100%	93	1000	1000	233	500	500	150	500	500	241	10	10							36	150		
逾辉	0	10	11	\spr\item\equip\horse\horse002.spr	40	2	3	周穆王八骏之一，毛色炳耀。	5	500000	1	0	111	100%	100%	93	1200	1200	233	800	800	150	800	800	241	10	10	88	8	8				36	130	46	1
逾辉	0	10	11	\spr\item\equip\horse\horse002.spr	40	2	3	周穆王八骏之一，毛色炳耀。	5	500000	2	0	111	100%	100%	93	1200	1200	233	800	800	150	800	800	241	10	10	88	8	8				36	130	46	1
逾辉	0	10	11	\spr\item\equip\horse\horse002.spr	40	2	3	周穆王八骏之一，毛色炳耀。	5	500000	3	0	111	100%	100%	93	1200	1200	233	800	800	150	800	800	241	10	10	88	8	8				36	130	46	1
逾辉	0	10	11	\spr\item\equip\horse\horse002.spr	40	2	3	周穆王八骏之一，毛色炳耀。	5	500000	4	0	111	100%	100%	93	1200	1200	233	800	800	150	800	800	241	10	10	88	8	8				36	130	46	1
逾辉	0	10	11	\spr\item\equip\horse\horse002.spr	40	2	3	周穆王八骏之一，毛色炳耀。	5	500000	5	0	111	100%	100%	93	1200	1200	233	800	800	150	800	800	241	10	10	88	8	8				36	130	46	1
逾辉	0	10	11	\spr\item\equip\horse\horse002.spr	40	2	3	周穆王八骏之一，毛色炳耀。	5	500000	6	0	111	100%	100%	93	1200	1200	233	800	800	150	800	800	241	10	10	88	8	8				36	130	46	1
逾辉	0	10	11	\spr\item\equip\horse\horse002.spr	40	2	3	周穆王八骏之一，毛色炳耀。	5	500000	7	0	111	100%	100%	93	1200	1200	233	800	800	150	800	800	241	10	10	88	8	8				36	130	46	1
逾辉	0	10	11	\spr\item\equip\horse\horse002.spr	40	2	3	周穆王八骏之一，毛色炳耀。	5	500000	8	0	111	100%	100%	93	1200	1200	233	800	800	150	800	800	241	10	10	88	8	8				36	130	46	1
逾辉	0	10	11	\spr\item\equip\horse\horse002.spr	40	2	3	周穆王八骏之一，毛色炳耀。	5	500000	9	0	111	100%	100%	93	1200	1200	233	800	800	150	800	800	241	10	10	88	8	8				36	130	46	1
逾辉	0	10	11	\spr\item\equip\horse\horse002.spr	40	2	3	周穆王八骏之一，毛色炳耀。	5	500000	10	0	111	100%	100%	93	1200	1200	233	800	800	150	800	800	241	10	10	88	8	8				36	130	46	1
腾雾	0	10	12	\spr\item\equip\horse\horse008.spr	40	2	3	周穆王八骏之一，乘云而奔。	5	500000	1	0	111	100%	100%	93	1000	1000	233	500	500	150	500	500	241	10	10							36	150		
腾雾	0	10	12	\spr\item\equip\horse\horse008.spr	40	2	3	周穆王八骏之一，乘云而奔。	5	500000	2	0	111	100%	100%	93	1000	1000	233	500	500	150	500	500	241	10	10							36	150		
腾雾	0	10	12	\spr\item\equip\horse\horse008.spr	40	2	3	周穆王八骏之一，乘云而奔。	5	500000	3	0	111	100%	100%	93	1000	1000	233	500	500	150	500	500	241	10	10							36	150		
腾雾	0	10	12	\spr\item\equip\horse\horse008.spr	40	2	3	周穆王八骏之一，乘云而奔。	5	500000	4	0	111	100%	100%	93	1000	1000	233	500	500	150	500	500	241	10	10							36	150		
腾雾	0	10	12	\spr\item\equip\horse\horse008.spr	40	2	3	周穆王八骏之一，乘云而奔。	5	500000	5	0	111	100%	100%	93	1000	1000	233	500	500	150	500	500	241	10	10							36	150		
腾雾	0	10	12	\spr\item\equip\horse\horse008.spr	40	2	3	周穆王八骏之一，乘云而奔。	5	500000	6	0	111	100%	100%	93	1000	1000	233	500	500	150	500	500	241	10	10							36	150		
腾雾	0	10	12	\spr\item\equip\horse\horse008.spr	40	2	3	周穆王八骏之一，乘云而奔。	5	500000	7	0	111	100%	100%	93	1000	1000	233	500	500	150	500	500	241	10	10							36	150		
腾雾	0	10	12	\spr\item\equip\horse\horse008.spr	40	2	3	周穆王八骏之一，乘云而奔。	5	500000	8	0	111	100%	100%	93	1000	1000	233	500	500	150	500	500	241	10	10							36	150
腾雾	0	10	12	\spr\item\equip\horse\horse008.spr	40	2	3	周穆王八骏之一，乘云而奔。	5	500000	9	0	111	100%	100%	93	1000	1000	233	500	500	150	500	500	241	10	10							36	150
腾雾	0	10	12	\spr\item\equip\horse\horse008.spr	40	2	3	周穆王八骏之一，乘云而奔。	5	500000	10	0	111	100%	100%	93	1000	1000	233	500	500	150	500	500	241	10	10							36	150
超光	0	10	13	\spr\item\equip\horse\horse003.spr	40	2	3	周穆王八骏之一，一形十影。	5	500000	1	0	111	100%	100%	93	1000	1000	233	500	500	150	500	500	241	10	10							36	150
超光	0	10	13	\spr\item\equip\horse\horse003.spr	40	2	3	周穆王八骏之一，一形十影。	5	500000	2	0	111	100%	100%	93	1000	1000	233	500	500	150	500	500	241	10	10							36	150
超光	0	10	13	\spr\item\equip\horse\horse003.spr	40	2	3	周穆王八骏之一，一形十影。	5	500000	3	0	111	100%	100%	93	1000	1000	233	500	500	150	500	500	241	10	10							36	150
超光	0	10	13	\spr\item\equip\horse\horse003.spr	40	2	3	周穆王八骏之一，一形十影。	5	500000	4	0	111	100%	100%	93	1000	1000	233	500	500	150	500	500	241	10	10							36	150
超光	0	10	13	\spr\item\equip\horse\horse003.spr	40	2	3	周穆王八骏之一，一形十影。	5	500000	5	0	111	100%	100%	93	1000	1000	233	500	500	150	500	500	241	10	10							36	150
超光	0	10	13	\spr\item\equip\horse\horse003.spr	40	2	3	周穆王八骏之一，一形十影。	5	500000	6	0	111	100%	100%	93	1000	1000	233	500	500	150	500	500	241	10	10							36	150
超光	0	10	13	\spr\item\equip\horse\horse003.spr	40	2	3	周穆王八骏之一，一形十影。	5	500000	7	0	111	100%	100%	93	1000	1000	233	500	500	150	500	500	241	10	10							36	150
超光	0	10	13	\spr\item\equip\horse\horse003.spr	40	2	3	周穆王八骏之一，一形十影。	5	500000	8	0	111	100%	100%	93	1000	1000	233	500	500	150	500	500	241	10	10							36	150
超光	0	10	13	\spr\item\equip\horse\horse003.spr	40	2	3	周穆王八骏之一，一形十影。	5	500000	9	0	111	100%	100%	93	1000	1000	233	500	500	150	500	500	241	10	10							36	150
超光	0	10	13	\spr\item\equip\horse\horse003.spr	40	2	3	周穆王八骏之一，一形十影。	5	500000	10	0	111	100%	100%	93	1000	1000	233	500	500	150	500	500	241	10	10							36	150
金睛虎王	0	10	14	\spr\item\equip\horse\horse030.spr	40	2	3	虎年节日坐骑	5	500000	1	0	111	100%	100%	93	1000	1000	233	500	500	150	500	500	241	10	10							36	150
金睛虎王	0	10	14	\spr\item\equip\horse\horse030.spr	40	2	3	虎年节日坐骑	5	500000	2	0	111	100%	100%	93	1000	1000	233	500	500	150	500	500	241	10	10							36	150
金睛虎王	0	10	14	\spr\item\equip\horse\horse030.spr	40	2	3	虎年节日坐骑	5	500000	3	0	111	100%	100%	93	1000	1000	233	500	500	150	500	500	241	10	10							36	150
金睛虎王	0	10	14	\spr\item\equip\horse\horse030.spr	40	2	3	虎年节日坐骑	5	500000	4	0	111	100%	100%	93	1000	1000	233	500	500	150	500	500	241	10	10							36	150
金睛虎王	0	10	14	\spr\item\equip\horse\horse030.spr	40	2	3	虎年节日坐骑	5	500000	5	0	111	100%	100%	93	1000	1000	233	500	500	150	500	500	241	10	10							36	150
金睛虎王	0	10	14	\spr\item\equip\horse\horse030.spr	40	2	3	虎年节日坐骑	5	500000	6	0	111	100%	100%	93	1000	1000	233	500	500	150	500	500	241	10	10							36	150
金睛虎王	0	10	14	\spr\item\equip\horse\horse030.spr	40	2	3	虎年节日坐骑	5	500000	7	0	111	100%	100%	93	1000	1000	233	500	500	150	500	500	241	10	10							36	150
金睛虎王	0	10	14	\spr\item\equip\horse\horse030.spr	40	2	3	虎年节日坐骑	5	500000	8	0	111	100%	100%	93	1000	1000	233	500	500	150	500	500	241	10	10							36	150
金睛虎王	0	10	14	\spr\item\equip\horse\horse030.spr	40	2	3	虎年节日坐骑	5	500000	9	0	111	100%	100%	93	1000	1000	233	500	500	150	500	500	241	10	10							36	150
金睛虎王	0	10	14	\spr\item\equip\horse\horse030.spr	40	2	3	虎年节日坐骑	5	500000	10	0	111	100%	100%	93	1000	1000	233	500	500	150	500	500	241	10	10							36	150
火睛金虎王	0	10	15	\spr\item\equip\horse\horse032.spr	40	2	3	双睛如火，全身金黄的虎王。	5	500000	1	0	111	110%	110%	93	1000	1000	233	1000	1000	150	500	500	241	15	15							36	150
火睛金虎王	0	10	15	\spr\item\equip\horse\horse032.spr	40	2	3	双睛如火，全身金黄的虎王。	5	500000	2	0	111	110%	110%	93	1000	1000	233	1000	1000	150	500	500	241	15	15							36	150
火睛金虎王	0	10	15	\spr\item\equip\horse\horse032.spr	40	2	3	双睛如火，全身金黄的虎王。	5	500000	3	0	111	110%	110%	93	1000	1000	233	1000	1000	150	500	500	241	15	15							36	150
火睛金虎王	0	10	15	\spr\item\equip\horse\horse032.spr	40	2	3	双睛如火，全身金黄的虎王。	5	500000	4	0	111	110%	110%	93	1000	1000	233	1000	1000	150	500	500	241	15	15							36	150
火睛金虎王	0	10	15	\spr\item\equip\horse\horse032.spr	40	2	3	双睛如火，全身金黄的虎王。	5	500000	5	0	111	110%	110%	93	1000	1000	233	1000	1000	150	500	500	241	15	15							36	150
火睛金虎王	0	10	15	\spr\item\equip\horse\horse032.spr	40	2	3	双睛如火，全身金黄的虎王。	5	500000	6	0	111	110%	110%	93	1000	1000	233	1000	1000	150	500	500	241	15	15							36	150
火睛金虎王	0	10	15	\spr\item\equip\horse\horse032.spr	40	2	3	双睛如火，全身金黄的虎王。	5	500000	7	0	111	110%	110%	93	1000	1000	233	1000	1000	150	500	500	241	15	15							36	150
火睛金虎王	0	10	15	\spr\item\equip\horse\horse032.spr	40	2	3	双睛如火，全身金黄的虎王。	5	500000	8	0	111	110%	110%	93	1000	1000	233	1000	1000	150	500	500	241	15	15							36	150
火睛金虎王	0	10	15	\spr\item\equip\horse\horse032.spr	40	2	3	双睛如火，全身金黄的虎王。	5	500000	9	0	111	110%	110%	93	1000	1000	233	1000	1000	150	500	500	241	15	15							36	150
火睛金虎王	0	10	15	\spr\item\equip\horse\horse032.spr	40	2	3	双睛如火，全身金黄的虎王。	5	500000	10	0	111	110%	110%	93	1000	1000	233	1000	1000	150	500	500	241	15	15							36	150
金睛白虎王	0	10	16	\spr\item\equip\horse\horse030.spr	40	2	3	双睛金光闪闪的白虎王。	5	500000	1	0	111	100%	100%	93	800	800	233	800	800	150	500	500	241	10	10							36	150
金睛白虎王	0	10	16	\spr\item\equip\horse\horse030.spr	40	2	3	双睛金光闪闪的白虎王。	5	500000	2	0	111	100%	100%	93	800	800	233	800	800	150	500	500	241	10	10							36	150
金睛白虎王	0	10	16	\spr\item\equip\horse\horse030.spr	40	2	3	双睛金光闪闪的白虎王。	5	500000	3	0	111	100%	100%	93	800	800	233	800	800	150	500	500	241	10	10							36	150
金睛白虎王	0	10	16	\spr\item\equip\horse\horse030.spr	40	2	3	双睛金光闪闪的白虎王。	5	500000	4	0	111	100%	100%	93	800	800	233	800	800	150	500	500	241	10	10							36	150
金睛白虎王	0	10	16	\spr\item\equip\horse\horse030.spr	40	2	3	双睛金光闪闪的白虎王。	5	500000	5	0	111	100%	100%	93	800	800	233	800	800	150	500	500	241	10	10							36	150
金睛白虎王	0	10	16	\spr\item\equip\horse\horse030.spr	40	2	3	双睛金光闪闪的白虎王。	5	500000	6	0	111	100%	100%	93	800	800	233	800	800	150	500	500	241	10	10							36	150
金睛白虎王	0	10	16	\spr\item\equip\horse\horse030.spr	40	2	3	双睛金光闪闪的白虎王。	5	500000	7	0	111	100%	100%	93	800	800	233	800	800	150	500	500	241	10	10							36	150
金睛白虎王	0	10	16	\spr\item\equip\horse\horse030.spr	40	2	3	双睛金光闪闪的白虎王。	5	500000	8	0	111	100%	100%	93	800	800	233	800	800	150	500	500	241	10	10							36	150
金睛白虎王	0	10	16	\spr\item\equip\horse\horse030.spr	40	2	3	双睛金光闪闪的白虎王。	5	500000	9	0	111	100%	100%	93	800	800	233	800	800	150	500	500	241	10	10							36	150
金睛白虎王	0	10	16	\spr\item\equip\horse\horse030.spr	40	2	3	双睛金光闪闪的白虎王。	5	500000	10	0	111	100%	100%	93	800	800	233	800	800	150	500	500	241	10	10							36	150
龙睛黑虎王	0	10	17	\spr\item\equip\horse\horse031.spr	40	2	3	威风凛凛傲视天下的黑虎王。只有真正的王者才能以之为坐骑。	5	500000	1	0	111	120%	120%	93	1500	1500	233	1500	1500	150	700	700	241	20	20							36	150
龙睛黑虎王	0	10	17	\spr\item\equip\horse\horse031.spr	40	2	3	威风凛凛傲视天下的黑虎王。只有真正的王者才能以之为坐骑。	5	500000	2	0	111	120%	120%	93	1500	1500	233	1500	1500	150	700	700	241	20	20							36	150
龙睛黑虎王	0	10	17	\spr\item\equip\horse\horse031.spr	40	2	3	威风凛凛傲视天下的黑虎王。只有真正的王者才能以之为坐骑。	5	500000	3	0	111	120%	120%	93	1500	1500	233	1500	1500	150	700	700	241	20	20							36	150
龙睛黑虎王	0	10	17	\spr\item\equip\horse\horse031.spr	40	2	3	威风凛凛傲视天下的黑虎王。只有真正的王者才能以之为坐骑。	5	500000	4	0	111	120%	120%	93	1500	1500	233	1500	1500	150	700	700	241	20	20							36	150
龙睛黑虎王	0	10	17	\spr\item\equip\horse\horse031.spr	40	2	3	威风凛凛傲视天下的黑虎王。只有真正的王者才能以之为坐骑。	5	500000	5	0	111	120%	120%	93	1500	1500	233	1500	1500	150	700	700	241	20	20							36	150
龙睛黑虎王	0	10	17	\spr\item\equip\horse\horse031.spr	40	2	3	威风凛凛傲视天下的黑虎王。只有真正的王者才能以之为坐骑。	5	500000	6	0	111	120%	120%	93	1500	1500	233	1500	1500	150	700	700	241	20	20							36	150		
龙睛黑虎王	0	10	17	\spr\item\equip\horse\horse031.spr	40	2	3	威风凛凛傲视天下的黑虎王。只有真正的王者才能以之为坐骑。	5	500000	7	0	111	120%	120%	93	1500	1500	233	1500	1500	150	700	700	241	20	20							36	150		
龙睛黑虎王	0	10	17	\spr\item\equip\horse\horse031.spr	40	2	3	威风凛凛傲视天下的黑虎王。只有真正的王者才能以之为坐骑。	5	500000	8	0	111	120%	120%	93	1500	1500	233	1500	1500	150	700	700	241	20	20							36	150		
龙睛黑虎王	0	10	17	\spr\item\equip\horse\horse031.spr	40	2	3	威风凛凛傲视天下的黑虎王。只有真正的王者才能以之为坐骑。	5	500000	9	0	111	120%	120%	93	1500	1500	233	1500	1500	150	700	700	241	20	20							36	150		
龙睛黑虎王	0	10	17	\spr\item\equip\horse\horse031.spr	40	2	3	威风凛凛傲视天下的黑虎王。只有真正的王者才能以之为坐骑。	5	500000	10	0	111	120%	120%	93	1500	1500	233	1500	1500	150	700	700	241	20	20							36	150		
汗血龙驹	0	10	18	\spr\item\equip\horse\horse008.spr	40	2	3	"日行千里,洒汗为血"	5	500000	1	0	111	120%	120%	93	1500	1500	233	1500	1500	150	700	700	241	20	20							36	150		
汗血龙驹	0	10	18	\spr\item\equip\horse\horse008.spr	40	2	3	"日行千里,洒汗为血"	5	500000	2	0	111	120%	120%	93	1500	1500	233	1500	1500	150	700	700	241	20	20							36	150		
汗血龙驹	0	10	18	\spr\item\equip\horse\horse008.spr	40	2	3	"日行千里,洒汗为血"	5	500000	3	0	111	120%	120%	93	1500	1500	233	1500	1500	150	700	700	241	20	20							36	150		
汗血龙驹	0	10	18	\spr\item\equip\horse\horse008.spr	40	2	3	"日行千里,洒汗为血"	5	500000	4	0	111	120%	120%	93	1500	1500	233	1500	1500	150	700	700	241	20	20							36	150		
汗血龙驹	0	10	18	\spr\item\equip\horse\horse008.spr	40	2	3	"日行千里,洒汗为血"	5	500000	5	0	111	120%	120%	93	1500	1500	233	1500	1500	150	700	700	241	20	20							36	150		
汗血龙驹	0	10	18	\spr\item\equip\horse\horse008.spr	40	2	3	"日行千里,洒汗为血"	5	500000	6	0	111	120%	120%	93	1500	1500	233	1500	1500	150	700	700	241	20	20							36	150		
汗血龙驹	0	10	18	\spr\item\equip\horse\horse008.spr	40	2	3	"日行千里,洒汗为血"	5	500000	7	0	111	120%	120%	93	1500	1500	233	1500	1500	150	700	700	241	20	20							36	150		
汗血龙驹	0	10	18	\spr\item\equip\horse\horse008.spr	40	2	3	"日行千里,洒汗为血"	5	500000	8	0	111	120%	120%	93	1500	1500	233	1500	1500	150	700	700	241	20	20							36	150		
汗血龙驹	0	10	18	\spr\item\equip\horse\horse008.spr	40	2	3	"日行千里,洒汗为血"	5	500000	9	0	111	120%	120%	93	1500	1500	233	1500	1500	150	700	700	241	20	20							36	150		
汗血龙驹	0	10	18	\spr\item\equip\horse\horse008.spr	40	2	3	"日行千里,洒汗为血"	5	500000	10	0	111	120%	120%	93	1500	1500	233	1500	1500	150	700	700	241	20	20							36	150		
风云白马	0	10	19	\spr\item\equip\horse\horse012.spr	40	2	3	风云白马。	5	99999	1	0	111	100%	100%	93	1000	1000	85	700	700	150	700	700	114	10	10	233	700	700	241	10	10	36	150	46	3
风云白马	0	10	19	\spr\item\equip\horse\horse012.spr	40	2	3	风云白马。	5	99999	2	0	111	100%	100%	93	1000	1000	85	700	700	150	700	700	114	10	10	233	700	700	241	10	10	36	150	46	3
风云白马	0	10	19	\spr\item\equip\horse\horse012.spr	40	2	3	风云白马。	5	99999	3	0	111	100%	100%	93	1000	1000	85	700	700	150	700	700	114	10	10	233	700	700	241	10	10	36	150	46	3
风云白马	0	10	19	\spr\item\equip\horse\horse012.spr	40	2	3	风云白马。	5	99999	4	0	111	100%	100%	93	1000	1000	85	700	700	150	700	700	114	10	10	233	700	700	241	10	10	36	150	46	3
风云白马	0	10	19	\spr\item\equip\horse\horse012.spr	40	2	3	风云白马。	5	99999	5	0	111	100%	100%	93	1000	1000	85	700	700	150	700	700	114	10	10	233	700	700	241	10	10	36	150	46	3
风云白马	0	10	19	\spr\item\equip\horse\horse012.spr	40	2	3	风云白马。	5	99999	6	0	111	100%	100%	93	1000	1000	85	700	700	150	700	700	114	10	10	233	700	700	241	10	10	36	150	46	3
风云白马	0	10	19	\spr\item\equip\horse\horse012.spr	40	2	3	风云白马。	5	99999	7	0	111	100%	100%	93	1000	1000	85	700	700	150	700	700	114	10	10	233	700	700	241	10	10	36	150	46	3
风云白马	0	10	19	\spr\item\equip\horse\horse012.spr	40	2	3	风云白马。	5	99999	8	0	111	100%	100%	93	1000	1000	85	700	700	150	700	700	114	10	10	233	700	700	241	10	10	36	150	46	3
风云白马	0	10	19	\spr\item\equip\horse\horse012.spr	40	2	3	风云白马。	5	99999	9	0	111	100%	100%	93	1000	1000	85	700	700	150	700	700	114	10	10	233	700	700	241	10	10	36	150	46	3
风云白马	0	10	19	\spr\item\equip\horse\horse012.spr	40	2	3	风云白马。	5	99999	10	0	111	100%	100%	93	1000	1000	85	700	700	150	700	700	114	10	10	233	700	700	241	10	10	36	150	46	3
风云战马	0	10	20	\spr\item\equip\horse\horse012.spr	40	2	3	风云战马。	5	99999	1	0	111	110%	110%	93	1000	1000	85	1000	1000	150	1000	1000	114	15	15	233	1000	1000	241	15	15	36	150	46	3
风云战马	0	10	20	\spr\item\equip\horse\horse012.spr	40	2	3	风云战马。	5	99999	2	0	111	110%	110%	93	1000	1000	85	1000	1000	150	1000	1000	114	15	15	233	1000	1000	241	15	15	36	150	46	3
风云战马	0	10	20	\spr\item\equip\horse\horse012.spr	40	2	3	风云战马。	5	99999	3	0	111	110%	110%	93	1000	1000	85	1000	1000	150	1000	1000	114	15	15	233	1000	1000	241	15	15	36	150	46	3
风云战马	0	10	20	\spr\item\equip\horse\horse012.spr	40	2	3	风云战马。	5	99999	4	0	111	110%	110%	93	1000	1000	85	1000	1000	150	1000	1000	114	15	15	233	1000	1000	241	15	15	36	150	46	3
风云战马	0	10	20	\spr\item\equip\horse\horse012.spr	40	2	3	风云战马。	5	99999	5	0	111	110%	110%	93	1000	1000	85	1000	1000	150	1000	1000	114	15	15	233	1000	1000	241	15	15	36	150	46	3
风云战马	0	10	20	\spr\item\equip\horse\horse012.spr	40	2	3	风云战马。	5	99999	6	0	111	110%	110%	93	1000	1000	85	1000	1000	150	1000	1000	114	15	15	233	1000	1000	241	15	15	36	150	46	3
风云战马	0	10	20	\spr\item\equip\horse\horse012.spr	40	2	3	风云战马。	5	99999	7	0	111	110%	110%	93	1000	1000	85	1000	1000	150	1000	1000	114	15	15	233	1000	1000	241	15	15	36	150	46	3
风云战马	0	10	20	\spr\item\equip\horse\horse012.spr	40	2	3	风云战马。	5	99999	8	0	111	110%	110%	93	1000	1000	85	1000	1000	150	1000	1000	114	15	15	233	1000	1000	241	15	15	36	150	46	3
风云战马	0	10	20	\spr\item\equip\horse\horse012.spr	40	2	3	风云战马。	5	99999	9	0	111	110%	110%	93	1000	1000	85	1000	1000	150	1000	1000	114	15	15	233	1000	1000	241	15	15	36	150	46	3
风云战马	0	10	20	\spr\item\equip\horse\horse012.spr	40	2	3	风云战马。	5	99999	10	0	111	110%	110%	93	1000	1000	85	1000	1000	150	1000	1000	114	15	15	233	1000	1000	241	15	15	36	150	46	3
风云神马	0	10	21	\spr\item\equip\horse\horse012.spr	40	2	3	风云神马。	5	500000	1	0	111	120%	120%	93	1500	1500	85	1500	1500	150	1000	1000	114	15	15	233	1500	1500	241	15	15	36	150	46	3
风云神马	0	10	21	\spr\item\equip\horse\horse012.spr	40	2	3	风云神马。	5	500000	2	0	111	120%	120%	93	1500	1500	85	1500	1500	150	1000	1000	114	15	15	233	1500	1500	241	15	15	36	150	46	3
风云神马	0	10	21	\spr\item\equip\horse\horse012.spr	40	2	3	风云神马。	5	500000	3	0	111	120%	120%	93	1500	1500	85	1500	1500	150	1000	1000	114	15	15	233	1500	1500	241	15	15	36	150	46	3
风云神马	0	10	21	\spr\item\equip\horse\horse012.spr	40	2	3	风云神马。	5	500000	4	0	111	120%	120%	93	1500	1500	85	1500	1500	150	1000	1000	114	15	15	233	1500	1500	241	15	15	36	150	46	3
风云神马	0	10	21	\spr\item\equip\horse\horse012.spr	40	2	3	风云神马。	5	500000	5	0	111	120%	120%	93	1500	1500	85	1500	1500	150	1000	1000	114	15	15	233	1500	1500	241	15	15	36	150	46	3
风云神马	0	10	21	\spr\item\equip\horse\horse012.spr	40	2	3	风云神马。	5	500000	6	0	111	120%	120%	93	1500	1500	85	1500	1500	150	1000	1000	114	15	15	233	1500	1500	241	15	15	36	150	46	3
风云神马	0	10	21	\spr\item\equip\horse\horse012.spr	40	2	3	风云神马。	5	500000	7	0	111	120%	120%	93	1500	1500	85	1500	1500	150	1000	1000	114	15	15	233	1500	1500	241	15	15	36	150	46	3
风云神马	0	10	21	\spr\item\equip\horse\horse012.spr	40	2	3	风云神马。	5	500000	8	0	111	120%	120%	93	1500	1500	85	1500	1500	150	1000	1000	114	15	15	233	1500	1500	241	15	15	36	150	46	3
风云神马	0	10	21	\spr\item\equip\horse\horse012.spr	40	2	3	风云神马。	5	500000	9	0	111	120%	120%	93	1500	1500	85	1500	1500	150	1000	1000	114	15	15	233	1500	1500	241	15	15	36	150	46	3
风云神马	0	10	21	\spr\item\equip\horse\horse012.spr	40	2	3	风云神马。	5	500000	10	0	111	120%	120%	93	1500	1500	85	1500	1500	150	1000	1000	114	15	15	233	1500	1500	241	15	15	36	150	46	3
楼兰白狮	0	10	22	\spr\item\equip\horse\horse035.spr	40	2	3	传说中的楼兰白狮，只有最尊贵的人才能驾驭它。	5	500000	1	0	111	120%	120%	93	1500	1500	233	1500	1500	150	700	700	241	20	20	243	10	10				36	150		
楼兰白狮	0	10	22	\spr\item\equip\horse\horse035.spr	40	2	3	传说中的楼兰白狮，只有最尊贵的人才能驾驭它。	5	500000	2	0	111	120%	120%	93	1500	1500	233	1500	1500	150	700	700	241	20	20	243	10	10				36	150		
楼兰白狮	0	10	22	\spr\item\equip\horse\horse035.spr	40	2	3	传说中的楼兰白狮，只有最尊贵的人才能驾驭它。	5	500000	3	0	111	120%	120%	93	1500	1500	233	1500	1500	150	700	700	241	20	20	243	10	10				36	150		
楼兰白狮	0	10	22	\spr\item\equip\horse\horse035.spr	40	2	3	传说中的楼兰白狮，只有最尊贵的人才能驾驭它。	5	500000	4	0	111	120%	120%	93	1500	1500	233	1500	1500	150	700	700	241	20	20	243	10	10				36	150
楼兰白狮	0	10	22	\spr\item\equip\horse\horse035.spr	40	2	3	传说中的楼兰白狮，只有最尊贵的人才能驾驭它。	5	500000	5	0	111	120%	120%	93	1500	1500	233	1500	1500	150	700	700	241	20	20	243	10	10				36	150
楼兰白狮	0	10	22	\spr\item\equip\horse\horse035.spr	40	2	3	传说中的楼兰白狮，只有最尊贵的人才能驾驭它。	5	500000	6	0	111	120%	120%	93	1500	1500	233	1500	1500	150	700	700	241	20	20	243	10	10				36	150
楼兰白狮	0	10	22	\spr\item\equip\horse\horse035.spr	40	2	3	传说中的楼兰白狮，只有最尊贵的人才能驾驭它。	5	500000	7	0	111	120%	120%	93	1500	1500	233	1500	1500	150	700	700	241	20	20	243	10	10				36	150
楼兰白狮	0	10	22	\spr\item\equip\horse\horse035.spr	40	2	3	传说中的楼兰白狮，只有最尊贵的人才能驾驭它。	5	500000	8	0	111	120%	120%	93	1500	1500	233	1500	1500	150	700	700	241	20	20	243	10	10				36	150
楼兰白狮	0	10	22	\spr\item\equip\horse\horse035.spr	40	2	3	传说中的楼兰白狮，只有最尊贵的人才能驾驭它。	5	500000	9	0	111	120%	120%	93	1500	1500	233	1500	1500	150	700	700	241	20	20	243	10	10				36	150
楼兰白狮	0	10	22	\spr\item\equip\horse\horse035.spr	40	2	3	传说中的楼兰白狮，只有最尊贵的人才能驾驭它。	5	500000	10	0	111	120%	120%	93	1500	1500	233	1500	1500	150	700	700	241	20	20	243	10	10				36	150
沙漠之舟	0	10	23	\spr\item\equip\horse\horse036.spr	40	2	3	西域进贡来的骆驼，性格温顺，不畏风沙。	5	500000	1	0	111	120%	120%	93	1500	1500	233	1500	1500	150	700	700	241	20	20	243	5	5				36	150
沙漠之舟	0	10	23	\spr\item\equip\horse\horse036.spr	40	2	3	西域进贡来的骆驼，性格温顺，不畏风沙。	5	500000	2	0	111	120%	120%	93	1500	1500	233	1500	1500	150	700	700	241	20	20	243	5	5				36	150
沙漠之舟	0	10	23	\spr\item\equip\horse\horse036.spr	40	2	3	西域进贡来的骆驼，性格温顺，不畏风沙。	5	500000	3	0	111	120%	120%	93	1500	1500	233	1500	1500	150	700	700	241	20	20	243	5	5				36	150
沙漠之舟	0	10	23	\spr\item\equip\horse\horse036.spr	40	2	3	西域进贡来的骆驼，性格温顺，不畏风沙。	5	500000	4	0	111	120%	120%	93	1500	1500	233	1500	1500	150	700	700	241	20	20	243	5	5				36	150
沙漠之舟	0	10	23	\spr\item\equip\horse\horse036.spr	40	2	3	西域进贡来的骆驼，性格温顺，不畏风沙。	5	500000	5	0	111	120%	120%	93	1500	1500	233	1500	1500	150	700	700	241	20	20	243	5	5				36	150
沙漠之舟	0	10	23	\spr\item\equip\horse\horse036.spr	40	2	3	西域进贡来的骆驼，性格温顺，不畏风沙。	5	500000	6	0	111	120%	120%	93	1500	1500	233	1500	1500	150	700	700	241	20	20	243	5	5				36	150
沙漠之舟	0	10	23	\spr\item\equip\horse\horse036.spr	40	2	3	西域进贡来的骆驼，性格温顺，不畏风沙。	5	500000	7	0	111	120%	120%	93	1500	1500	233	1500	1500	150	700	700	241	20	20	243	5	5				36	150
沙漠之舟	0	10	23	\spr\item\equip\horse\horse036.spr	40	2	3	西域进贡来的骆驼，性格温顺，不畏风沙。	5	500000	8	0	111	120%	120%	93	1500	1500	233	1500	1500	150	700	700	241	20	20	243	5	5				36	150
沙漠之舟	0	10	23	\spr\item\equip\horse\horse036.spr	40	2	3	西域进贡来的骆驼，性格温顺，不畏风沙。	5	500000	9	0	111	120%	120%	93	1500	1500	233	1500	1500	150	700	700	241	20	20	243	5	5				36	150
沙漠之舟	0	10	23	\spr\item\equip\horse\horse036.spr	40	2	3	西域进贡来的骆驼，性格温顺，不畏风沙。	5	500000	10	0	111	120%	120%	93	1500	1500	233	1500	1500	150	700	700	241	20	20	243	5	5				36	150
草泥马	0	10	24	\spr\item\equip\horse\horse037.spr	40	2	3	sdfds	5	500000	1	0	111	120%	120%	93	1500	1500	233	1500	1500	150	700	700	241	20	20							36	150
草泥马	0	10	24	\spr\item\equip\horse\horse037.spr	40	2	3	sdfds	5	500000	2	0	111	120%	120%	93	1500	1500	233	1500	1500	150	700	700	241	20	20							36	150
草泥马	0	10	24	\spr\item\equip\horse\horse037.spr	40	2	3	sdfds	5	500000	3	0	111	120%	120%	93	1500	1500	233	1500	1500	150	700	700	241	20	20							36	150
草泥马	0	10	24	\spr\item\equip\horse\horse037.spr	40	2	3	sdfds	5	500000	4	0	111	120%	120%	93	1500	1500	233	1500	1500	150	700	700	241	20	20							36	150
草泥马	0	10	24	\spr\item\equip\horse\horse037.spr	40	2	3	sdfds	5	500000	5	0	111	120%	120%	93	1500	1500	233	1500	1500	150	700	700	241	20	20							36	150
草泥马	0	10	24	\spr\item\equip\horse\horse037.spr	40	2	3	sdfds	5	500000	6	0	111	120%	120%	93	1500	1500	233	1500	1500	150	700	700	241	20	20							36	150
草泥马	0	10	24	\spr\item\equip\horse\horse037.spr	40	2	3	sdfds	5	500000	7	0	111	120%	120%	93	1500	1500	233	1500	1500	150	700	700	241	20	20							36	150
草泥马	0	10	24	\spr\item\equip\horse\horse037.spr	40	2	3	sdfds	5	500000	8	0	111	120%	120%	93	1500	1500	233	1500	1500	150	700	700	241	20	20							36	150
草泥马	0	10	24	\spr\item\equip\horse\horse037.spr	40	2	3	sdfds	5	500000	9	0	111	120%	120%	93	1500	1500	233	1500	1500	150	700	700	241	20	20							36	150
草泥马	0	10	24	\spr\item\equip\horse\horse037.spr	40	2	3	sdfds	5	500000	10	0	111	120%	120%	93	1500	1500	233	1500	1500	150	700	700	241	20	20							36	150
吉祥白鹿	0	10	25	\spr\item\equip\horse\horse038.spr	40	2	3	别有野麋人不见，一生长饮白云泉。	5	500000	1	0	111	120%	120%	93	1500	1500	233	1500	1500	150	700	700	241	20	20							36	150
吉祥白鹿	0	10	25	\spr\item\equip\horse\horse038.spr	40	2	3	别有野麋人不见，一生长饮白云泉。	5	500000	2	0	111	120%	120%	93	1500	1500	233	1500	1500	150	700	700	241	20	20							36	150
吉祥白鹿	0	10	25	\spr\item\equip\horse\horse038.spr	40	2	3	别有野麋人不见，一生长饮白云泉。	5	500000	3	0	111	120%	120%	93	1500	1500	233	1500	1500	150	700	700	241	20	20							36	150
吉祥白鹿	0	10	25	\spr\item\equip\horse\horse038.spr	40	2	3	别有野麋人不见，一生长饮白云泉。	5	500000	4	0	111	120%	120%	93	1500	1500	233	1500	1500	150	700	700	241	20	20							36	150
吉祥白鹿	0	10	25	\spr\item\equip\horse\horse038.spr	40	2	3	别有野麋人不见，一生长饮白云泉。	5	500000	5	0	111	120%	120%	93	1500	1500	233	1500	1500	150	700	700	241	20	20							36	150
吉祥白鹿	0	10	25	\spr\item\equip\horse\horse038.spr	40	2	3	别有野麋人不见，一生长饮白云泉。	5	500000	6	0	111	120%	120%	93	1500	1500	233	1500	1500	150	700	700	241	20	20							36	150
吉祥白鹿	0	10	25	\spr\item\equip\horse\horse038.spr	40	2	3	别有野麋人不见，一生长饮白云泉。	5	500000	7	0	111	120%	120%	93	1500	1500	233	1500	1500	150	700	700	241	20	20							36	150
吉祥白鹿	0	10	25	\spr\item\equip\horse\horse038.spr	40	2	3	别有野麋人不见，一生长饮白云泉。	5	500000	8	0	111	120%	120%	93	1500	1500	233	1500	1500	150	700	700	241	20	20							36	150
吉祥白鹿	0	10	25	\spr\item\equip\horse\horse038.spr	40	2	3	别有野麋人不见，一生长饮白云泉。	5	500000	9	0	111	120%	120%	93	1500	1500	233	1500	1500	150	700	700	241	20	20							36	150
吉祥白鹿	0	10	25	\spr\item\equip\horse\horse038.spr	40	2	3	别有野麋人不见，一生长饮白云泉。	5	500000	10	0	111	120%	120%	93	1500	1500	233	1500	1500	150	700	700	241	20	20							36	150
