名称	道具种类	具体类别	详细类别	动画文件名	对应物件索引	宽度	高度	说明文字	五行属性	价格	等级	是否叠放	基础属性1类型	基础属性1最小值	基础属性1最大值	基础属性2类型	基础属性2最小值	基础属性2最大值	基础属性3类型	基础属性3最小值	基础属性3最大值	基础属性4类型	基础属性4最小值	基础属性4最大值	基础属性5类型	基础属性5最小值	基础属性5最大值	基础属性6类型	基础属性6最小值	基础属性6最大值	基础属性7类型	基础属性7最小值	基础属性7最大值	需求属性1类型	需求属性1数值	需求属性2类型	需求属性2数值	需求属性3类型	需求属性3数值	需求属性4类型	需求属性4数值	需求属性5类型	需求属性5数值	需求属性6类型	需求属性6数值
易容面具-落光	0	11	0	\spr\item\equip\mask\yrmj_01.spr	379	1	1	用于易容术的面具，装备到装备栏中即可变成该NPC的样子。		100	1	0		54	54													31	10	10															
易容面具-银牙	0	11	1	\spr\item\equip\mask\yrmj_01.spr	379	1	1	用于易容术的面具，装备到装备栏中即可变成该NPC的样子。		100	1	0		56	56													31	10	10															
易容面具-霜刀	0	11	2	\spr\item\equip\mask\yrmj_01.spr	379	1	1	用于易容术的面具，装备到装备栏中即可变成该NPC的样子。		100	1	0		57	57													31	10	10															
易容面具-冷弓	0	11	3	\spr\item\equip\mask\yrmj_01.spr	379	1	1	用于易容术的面具，装备到装备栏中即可变成该NPC的样子。		100	1	0		59	59													31	10	10															
易容面具-寒枪	0	11	4	\spr\item\equip\mask\yrmj_01.spr	379	1	1	用于易容术的面具，装备到装备栏中即可变成该NPC的样子。		100	1	0		63	63													31	10	10															
易容面具-奔雷	0	11	5	\spr\item\equip\mask\yrmj_01.spr	379	1	1	用于易容术的面具，装备到装备栏中即可变成该NPC的样子。		100	1	0		94	94													31	10	10															
易容面具-独步	0	11	6	\spr\item\equip\mask\yrmj_01.spr	379	1	1	用于易容术的面具，装备到装备栏中即可变成该NPC的样子。		100	1	0		109	109													31	10	10															
易容面具-降锤	0	11	7	\spr\item\equip\mask\yrmj_01.spr	379	1	1	用于易容术的面具，装备到装备栏中即可变成该NPC的样子。		100	1	0		113	113													31	10	10															
易容面具-赤掌	0	11	8	\spr\item\equip\mask\yrmj_01.spr	379	1	1	用于易容术的面具，装备到装备栏中即可变成该NPC的样子。		100	1	0		134	134													31	10	10															
易容面具-狼棒	0	11	9	\spr\item\equip\mask\yrmj_01.spr	379	1	1	用于易容术的面具，装备到装备栏中即可变成该NPC的样子。		100	1	0		157	157													31	10	10															
易容面具-张宗正	0	11	10	\spr\item\equip\mask\yrmj_01.spr	379	1	1	用于易容术的面具，装备到装备栏中即可变成该NPC的样子。		100	1	0		511	511													31	10	10															
易容面具-妙如	0	11	11	\spr\item\equip\mask\yrmj_01.spr	379	1	1	用于易容术的面具，装备到装备栏中即可变成该NPC的样子。		100	1	0		513	513													31	10	10															
易容面具-柳青青	0	11	12	\spr\item\equip\mask\yrmj_01.spr	379	1	1	用于易容术的面具，装备到装备栏中即可变成该NPC的样子。		100	1	0		523	523													31	10	10															
易容面具-扇客	0	11	13	\spr\item\equip\mask\yrmj_01.spr	379	1	1	用于易容术的面具，装备到装备栏中即可变成该NPC的样子。		100	1	0		602	602													31	10	10															
易容面具-蓝伊伊	0	11	14	\spr\item\equip\mask\yrmj_01.spr	379	1	1	用于易容术的面具，装备到装备栏中即可变成该NPC的样子。		100	1	0		582	582													31	10	10															
易容面具-古柏	0	11	15	\spr\item\equip\mask\yrmj_01.spr	379	1	1	用于易容术的面具，装备到装备栏中即可变成该NPC的样子。		100	1	0		566	566													31	10	10															
易容面具-道清真人	0	11	16	\spr\item\equip\mask\yrmj_01.spr	379	1	1	用于易容术的面具，装备到装备栏中即可变成该NPC的样子。		100	1	0		562	562													31	10	10															
易容面具-耶律辟离	0	11	17	\spr\item\equip\mask\yrmj_01.spr	379	1	1	用于易容术的面具，装备到装备栏中即可变成该NPC的样子。		100	1	0		563	563													31	10	10															
易容面具-完颜雪衣	0	11	18	\spr\item\equip\mask\yrmj_01.spr	379	1	1	用于易容术的面具，装备到装备栏中即可变成该NPC的样子。		100	1	0		564	564													31	10	10															
易容面具-端木睿	0	11	19	\spr\item\equip\mask\yrmj_01.spr	379	1	1	用于易容术的面具，装备到装备栏中即可变成该NPC的样子。		100	1	0		565	565													31	10	10															
易容面具-钟灵秀	0	11	20	\spr\item\equip\mask\yrmj_01.spr	379	1	1	用于易容术的面具，装备到装备栏中即可变成该NPC的样子。		100	1	0		567	567													31	10	10															
易容面具-何怜飘	0	11	21	\spr\item\equip\mask\yrmj_01.spr	379	1	1	用于易容术的面具，装备到装备栏中即可变成该NPC的样子。		100	1	0		568	568													31	10	10															
易容面具-孟沧浪	0	11	22	\spr\item\equip\mask\yrmj_01.spr	379	1	1	用于易容术的面具，装备到装备栏中即可变成该NPC的样子。		100	1	0		583	583													31	10	10															
易容面具-东北虎	0	11	23	\spr\item\equip\mask\yrmj_01.spr	379	1	1	用于易容术的面具，装备到装备栏中即可变成该动物的样子。		100	1	0		0	0													31	1	1															
易容面具-华南虎	0	11	24	\spr\item\equip\mask\yrmj_01.spr	379	1	1	用于易容术的面具，装备到装备栏中即可变成该动物的样子。		100	1	0		1	1													31	1	1															
易容面具-白虎	0	11	25	\spr\item\equip\mask\yrmj_01.spr	379	1	1	用于易容术的面具，装备到装备栏中即可变成该动物的样子。		100	1	0		2	2													31	1	1															
易容面具-金钱豹	0	11	26	\spr\item\equip\mask\yrmj_01.spr	379	1	1	用于易容术的面具，装备到装备栏中即可变成该动物的样子。		100	1	0		3	3													31	1	1															
易容面具-雪豹	0	11	27	\spr\item\equip\mask\yrmj_01.spr	379	1	1	用于易容术的面具，装备到装备栏中即可变成该动物的样子。		100	1	0		4	4													31	1	1															
易容面具-灰狼	0	11	28	\spr\item\equip\mask\yrmj_01.spr	379	1	1	用于易容术的面具，装备到装备栏中即可变成该动物的样子。		100	1	0		5	5													31	1	1															
易容面具-火狼	0	11	29	\spr\item\equip\mask\yrmj_01.spr	379	1	1	用于易容术的面具，装备到装备栏中即可变成该动物的样子。		100	1	0		6	6													31	1	1															
易容面具-青狼	0	11	30	\spr\item\equip\mask\yrmj_01.spr	379	1	1	用于易容术的面具，装备到装备栏中即可变成该动物的样子。		100	1	0		7	7													31	1	1															
易容面具-雪狼	0	11	31	\spr\item\equip\mask\yrmj_01.spr	379	1	1	用于易容术的面具，装备到装备栏中即可变成该动物的样子。		100	1	0		8	8													31	1	1															
易容面具-狐狸	0	11	32	\spr\item\equip\mask\yrmj_01.spr	379	1	1	用于易容术的面具，装备到装备栏中即可变成该动物的样子。		100	1	0		9	9													31	1	1															
易容面具-红狐	0	11	33	\spr\item\equip\mask\yrmj_01.spr	379	1	1	用于易容术的面具，装备到装备栏中即可变成该动物的样子。		100	1	0		10	10													31	1	1															
易容面具-野猪	0	11	34	\spr\item\equip\mask\yrmj_01.spr	379	1	1	用于易容术的面具，装备到装备栏中即可变成该动物的样子。		100	1	0		11	11													31	1	1															
易容面具-刺猬	0	11	35	\spr\item\equip\mask\yrmj_01.spr	379	1	1	用于易容术的面具，装备到装备栏中即可变成该动物的样子。		100	1	0		12	12													31	1	1															
易容面具-亚洲象	0	11	36	\spr\item\equip\mask\yrmj_01.spr	379	1	1	用于易容术的面具，装备到装备栏中即可变成该动物的样子。		100	1	0		13	13													31	1	1															
易容面具-黄河象	0	11	37	\spr\item\equip\mask\yrmj_01.spr	379	1	1	用于易容术的面具，装备到装备栏中即可变成该动物的样子。		100	1	0		14	14													31	1	1															
易容面具-棕熊	0	11	38	\spr\item\equip\mask\yrmj_01.spr	379	1	1	用于易容术的面具，装备到装备栏中即可变成该动物的样子。		100	1	0		15	15													31	1	1															
易容面具-黑熊	0	11	39	\spr\item\equip\mask\yrmj_01.spr	379	1	1	用于易容术的面具，装备到装备栏中即可变成该动物的样子。		100	1	0		16	16													31	1	1															
易容面具-野牛	0	11	40	\spr\item\equip\mask\yrmj_01.spr	379	1	1	用于易容术的面具，装备到装备栏中即可变成该动物的样子。		100	1	0		17	17													31	1	1															
易容面具-扬子鳄	0	11	41	\spr\item\equip\mask\yrmj_01.spr	379	1	1	用于易容术的面具，装备到装备栏中即可变成该动物的样子。		100	1	0		18	18													31	1	1															
易容面具-火蜥蜴	0	11	42	\spr\item\equip\mask\yrmj_01.spr	379	1	1	用于易容术的面具，装备到装备栏中即可变成该动物的样子。		100	1	0		19	19													31	1	1															
易容面具-眼镜蟒蛇	0	11	43	\spr\item\equip\mask\yrmj_01.spr	379	1	1	用于易容术的面具，装备到装备栏中即可变成该动物的样子。		100	1	0		20	20													31	1	1															
易容面具-绿色蟒蛇	0	11	44	\spr\item\equip\mask\yrmj_01.spr	379	1	1	用于易容术的面具，装备到装备栏中即可变成该动物的样子。		100	1	0		21	21													31	1	1															
易容面具-金环蟒蛇	0	11	45	\spr\item\equip\mask\yrmj_01.spr	379	1	1	用于易容术的面具，装备到装备栏中即可变成该动物的样子。		100	1	0		22	22													31	1	1															
易容面具-赤练蟒蛇	0	11	46	\spr\item\equip\mask\yrmj_01.spr	379	1	1	用于易容术的面具，装备到装备栏中即可变成该动物的样子。		100	1	0		23	23													31	1	1															
易容面具-金雕	0	11	47	\spr\item\equip\mask\yrmj_01.spr	379	1	1	用于易容术的面具，装备到装备栏中即可变成该动物的样子。		100	1	0		26	26													31	1	1															
易容面具-苍鹰	0	11	48	\spr\item\equip\mask\yrmj_01.spr	379	1	1	用于易容术的面具，装备到装备栏中即可变成该动物的样子。		100	1	0		25	25													31	1	1															
易容面具-秃鹫	0	11	49	\spr\item\equip\mask\yrmj_01.spr	379	1	1	用于易容术的面具，装备到装备栏中即可变成该动物的样子。		100	1	0		24	24													31	1	1															
易容面具-霸王蝙蝠	0	11	50	\spr\item\equip\mask\yrmj_01.spr	379	1	1	用于易容术的面具，装备到装备栏中即可变成该动物的样子。		100	1	0		27	27													31	1	1															
易容面具-红霸王蝙蝠	0	11	51	\spr\item\equip\mask\yrmj_01.spr	379	1	1	用于易容术的面具，装备到装备栏中即可变成该动物的样子。		100	1	0		28	28													31	1	1															
易容面具-溶洞蝙蝠	0	11	52	\spr\item\equip\mask\yrmj_01.spr	379	1	1	用于易容术的面具，装备到装备栏中即可变成该动物的样子。		100	1	0		29	29													31	1	1															
易容面具-吸血蝙蝠	0	11	53	\spr\item\equip\mask\yrmj_01.spr	379	1	1	用于易容术的面具，装备到装备栏中即可变成该动物的样子。		100	1	0		30	30													31	1	1															
易容面具-金猫	0	11	54	\spr\item\equip\mask\yrmj_01.spr	379	1	1	用于易容术的面具，装备到装备栏中即可变成该动物的样子。		100	1	0		31	31													31	1	1															
易容面具-猞猁	0	11	55	\spr\item\equip\mask\yrmj_01.spr	379	1	1	用于易容术的面具，装备到装备栏中即可变成该动物的样子。		100	1	0		32	32													31	1	1															
易容面具-浣熊	0	11	56	\spr\item\equip\mask\yrmj_01.spr	379	1	1	用于易容术的面具，装备到装备栏中即可变成该动物的样子。		100	1	0		33	33													31	1	1															
易容面具-灵猫	0	11	57	\spr\item\equip\mask\yrmj_01.spr	379	1	1	用于易容术的面具，装备到装备栏中即可变成该动物的样子。		100	1	0		34	34													31	1	1															
易容面具-藏域猴	0	11	58	\spr\item\equip\mask\yrmj_01.spr	379	1	1	用于易容术的面具，装备到装备栏中即可变成该动物的样子。		100	1	0		35	35													31	1	1															
易容面具-灰叶猴	0	11	59	\spr\item\equip\mask\yrmj_01.spr	379	1	1	用于易容术的面具，装备到装备栏中即可变成该动物的样子。		100	1	0		36	36													31	1	1															
易容面具-黑叶猴	0	11	60	\spr\item\equip\mask\yrmj_01.spr	379	1	1	用于易容术的面具，装备到装备栏中即可变成该动物的样子。		100	1	0		37	37													31	1	1															
易容面具-金丝猴	0	11	61	\spr\item\equip\mask\yrmj_01.spr	379	1	1	用于易容术的面具，装备到装备栏中即可变成该动物的样子。		100	1	0		38	38													31	1	1															
易容面具-豺	0	11	62	\spr\item\equip\mask\yrmj_01.spr	379	1	1	用于易容术的面具，装备到装备栏中即可变成该动物的样子。		100	1	0		39	39													31	1	1															
易容面具-雪怪	0	11	63	\spr\item\equip\mask\yrmj_01.spr	379	1	1	用于易容术的面具，装备到装备栏中即可变成该动物的样子。		100	1	0		40	40													31	1	1															
易容面具-蛤蟆	0	11	64	\spr\item\equip\mask\yrmj_01.spr	379	1	1	用于易容术的面具，装备到装备栏中即可变成该动物的样子。		100	1	0		41	41													31	1	1															
易容面具-梅花鹿	0	11	65	\spr\item\equip\mask\yrmj_01.spr	379	1	1	用于易容术的面具，装备到装备栏中即可变成该动物的样子。		100	1	0		42	42													31	1	1															
易容面具-白猪	0	11	66	\spr\item\equip\mask\yrmj_01.spr	379	1	1	用于易容术的面具，装备到装备栏中即可变成该动物的样子。		100	1	0		43	43													31	1	1															
易容面具-蝎子	0	11	67	\spr\item\equip\mask\yrmj_01.spr	379	1	1	用于易容术的面具，装备到装备栏中即可变成该动物的样子。		100	1	0		44	44													31	1	1															
易容面具-蜘蛛	0	11	68	\spr\item\equip\mask\yrmj_01.spr	379	1	1	用于易容术的面具，装备到装备栏中即可变成该动物的样子。		100	1	0		45	45													31	1	1															
易容面具-蜈蚣	0	11	69	\spr\item\equip\mask\yrmj_01.spr	379	1	1	用于易容术的面具，装备到装备栏中即可变成该动物的样子。		100	1	0		46	46													31	1	1															
易容面具-圣诞老人(红)	0	11	70	\spr\item\equip\mask\yrmj_01.spr	379	1	1	圣诞节日面具，装备到装备栏中即可变成圣诞老人的样子		100	1	0		623	623													31	1	1															
易容面具-圣诞天使(红)	0	11	71	\spr\item\equip\mask\yrmj_01.spr	379	1	1	圣诞节日面具，装备到装备栏中即可变成圣诞天使的样子		100	1	0		624	624													31	1	1															
节日面具-大头娃娃	0	11	72	\spr\item\equip\mask\yrmj_01.spr	379	1	1	新春面具，戴上之后，可以装扮成舞扇子的大头娃娃。		100	1	0		726	726													31	1	1															
节日面具-舞南狮子	0	11	73	\spr\item\equip\mask\yrmj_01.spr	379	1	1	新春面具，戴上之后，可以装扮成南方的舞狮子。		100	1	0		727	727													31	1	1															
节日面具-舞北狮子	0	11	74	\spr\item\equip\mask\yrmj_01.spr	379	1	1	新春面具，戴上之后，可以装扮成北方的舞狮子。		100	1	0		728	728													31	1	1															
节日面具-舞龙珠	0	11	75	\spr\item\equip\mask\yrmj_01.spr	379	1	1	新春面具，戴上之后，可以装扮成舞龙珠的人。		100	1	0		729	729													31	1	1															
节日面具-舞龙头	0	11	76	\spr\item\equip\mask\yrmj_01.spr	379	1	1	新春面具，戴上之后，可以装扮成舞龙头的人。		100	1	0		730	730													31	1	1															
节日面具-舞龙身	0	11	77	\spr\item\equip\mask\yrmj_01.spr	379	1	1	新春面具，戴上之后，可以装扮成舞龙身的人。		100	1	0		731	731													31	1	1															
节日面具-舞龙尾	0	11	78	\spr\item\equip\mask\yrmj_01.spr	379	1	1	新春面具，戴上之后，可以装扮成舞龙尾的人。		100	1	0		732	732													31	1	1															
易容面具-步嚣尘	0	11	79	\spr\item\equip\mask\yrmj_01.spr	379	1	1	用于易容术的面具，装备到装备栏中即可变成该NPC的样子。		100	1	0		851	851													31	1	1															
易容面具-乔鼎天	0	11	80	\spr\item\equip\mask\yrmj_01.spr	379	1	1	用于易容术的面具，装备到装备栏中即可变成该NPC的样子。		100	1	0		852	852													31	1	1															
易容面具-刁易刀	0	11	81	\spr\item\equip\mask\yrmj_01.spr	379	1	1	用于易容术的面具，装备到装备栏中即可变成该NPC的样子。		100	1	0		853	853													31	1	1															
易容面具-西门无戒	0	11	82	\spr\item\equip\mask\yrmj_01.spr	379	1	1	用于易容术的面具，装备到装备栏中即可变成该NPC的样子。		100	1	0		854	854													31	1	1															
易容面具-候乞剑	0	11	83	\spr\item\equip\mask\yrmj_01.spr	379	1	1	用于易容术的面具，装备到装备栏中即可变成该NPC的样子。		100	1	0		855	855													31	1	1															
易容面具-应啸风	0	11	84	\spr\item\equip\mask\yrmj_01.spr	379	1	1	用于易容术的面具，装备到装备栏中即可变成该NPC的样子。		100	1	0		856	856													31	1	1															
易容面具-袁念夕	0	11	85	\spr\item\equip\mask\yrmj_01.spr	379	1	1	用于易容术的面具，装备到装备栏中即可变成该NPC的样子。		100	1	0		857	857													31	1	1															
易容面具-褚天悯	0	11	86	\spr\item\equip\mask\yrmj_01.spr	379	1	1	用于易容术的面具，装备到装备栏中即可变成该NPC的样子。		100	1	0		858	858													31	1	1															
易容面具-王佐	0	11	87	\spr\item\equip\mask\yrmj_01.spr	379	1	1	用于易容术的面具，装备到装备栏中即可变成该NPC的样子。		100	1	0		739	739													31	10	10															
易容面具-玄觉大师	0	11	88	\spr\item\equip\mask\yrmj_01.spr	379	1	1	用于易容术的面具，装备到装备栏中即可变成该NPC的样子。		100	2	1		740	740													31	10	10															
易容面具-唐不染	0	11	89	\spr\item\equip\mask\yrmj_01.spr	379	1	1	用于易容术的面具，装备到装备栏中即可变成该NPC的样子。		100	3	2		741	741													31	10	10															
易容面具-白莹莹	0	11	90	\spr\item\equip\mask\yrmj_01.spr	379	1	1	用于易容术的面具，装备到装备栏中即可变成该NPC的样子。		100	4	3		742	742													31	10	10															
易容面具-清绝师太	0	11	91	\spr\item\equip\mask\yrmj_01.spr	379	1	1	用于易容术的面具，装备到装备栏中即可变成该NPC的样子。		100	5	4		743	743													31	10	10															
易容面具-嫣晓倩	0	11	92	\spr\item\equip\mask\yrmj_01.spr	379	1	1	用于易容术的面具，装备到装备栏中即可变成该NPC的样子。		100	6	5		744	744													31	10	10															
易容面具-何人我	0	11	93	\spr\item\equip\mask\yrmj_01.spr	379	1	1	用于易容术的面具，装备到装备栏中即可变成该NPC的样子。		100	7	6		745	745													31	10	10															
易容面具-单思南	0	11	94	\spr\item\equip\mask\yrmj_01.spr	379	1	1	用于易容术的面具，装备到装备栏中即可变成该NPC的样子。		100	8	7		746	746													31	10	10															
易容面具-璇玑子	0	11	95	\spr\item\equip\mask\yrmj_01.spr	379	1	1	用于易容术的面具，装备到装备栏中即可变成该NPC的样子。		100	9	8		747	747													31	10	10															
易容面具-韩蒙	0	11	96	\spr\item\equip\mask\yrmj_01.spr	379	1	1	用于易容术的面具，装备到装备栏中即可变成该NPC的样子。		100	10	9		748	748													31	10	10															
单次易容面具-少年雷剑	0	11	97	\spr\item\equip\mask\yrmj_01.spr	379	1	1	用于易容术的面具，装备到装备栏中即可变成该NPC的样子。		100	1	0		1056	1056													31	1	1															
单次易容面具-少年笑霜	0	11	98	\spr\item\equip\mask\yrmj_01.spr	379	1	1	用于易容术的面具，装备到装备栏中即可变成该NPC的样子。		100	1	0		1057	1057													31	1	1															
单次易容面具-少年火刃	0	11	99	\spr\item\equip\mask\yrmj_01.spr	379	1	1	用于易容术的面具，装备到装备栏中即可变成该NPC的样子。		100	1	0		1058	1058													31	1	1															
单次易容面具-少年海棠	0	11	100	\spr\item\equip\mask\yrmj_01.spr	379	1	1	用于易容术的面具，装备到装备栏中即可变成该NPC的样子。		100	1	0		1059	1059													31	1	1															
单次易容面具-少年金锋	0	11	101	\spr\item\equip\mask\yrmj_01.spr	379	1	1	用于易容术的面具，装备到装备栏中即可变成该NPC的样子。		100	1	0		1060	1060													31	1	1															
易容面具-少年雷剑	0	11	102	\spr\item\equip\mask\yrmj_01.spr	379	1	1	用于易容术的面具，装备到装备栏中即可变成该NPC的样子。		100	1	0		1056	1056													31	10	10															
易容面具-少年笑霜	0	11	103	\spr\item\equip\mask\yrmj_01.spr	379	1	1	用于易容术的面具，装备到装备栏中即可变成该NPC的样子。		100	1	0		1057	1057													31	10	10															
易容面具-少年火刃	0	11	104	\spr\item\equip\mask\yrmj_01.spr	379	1	1	用于易容术的面具，装备到装备栏中即可变成该NPC的样子。		100	1	0		1058	1058													31	10	10															
易容面具-少年海棠	0	11	105	\spr\item\equip\mask\yrmj_01.spr	379	1	1	用于易容术的面具，装备到装备栏中即可变成该NPC的样子。		100	1	0		1059	1059													31	10	10															
易容面具-少年金锋	0	11	106	\spr\item\equip\mask\yrmj_01.spr	379	1	1	用于易容术的面具，装备到装备栏中即可变成该NPC的样子。		100	1	0		1060	1060													31	10	10															
单次易容面具-青年雷剑	0	11	107	\spr\item\equip\mask\yrmj_01.spr	379	1	1	用于易容术的面具，装备到装备栏中即可变成该NPC的样子。		100	1	0		1043	1043													31	1	1															
单次易容面具-青年笑霜	0	11	108	\spr\item\equip\mask\yrmj_01.spr	379	1	1	用于易容术的面具，装备到装备栏中即可变成该NPC的样子。		100	1	0		1044	1044													31	1	1															
单次易容面具-青年火刃	0	11	109	\spr\item\equip\mask\yrmj_01.spr	379	1	1	用于易容术的面具，装备到装备栏中即可变成该NPC的样子。		100	1	0		1045	1045													31	1	1															
单次易容面具-青年海棠	0	11	110	\spr\item\equip\mask\yrmj_01.spr	379	1	1	用于易容术的面具，装备到装备栏中即可变成该NPC的样子。		100	1	0		1046	1046													31	1	1															
单次易容面具-青年金锋	0	11	111	\spr\item\equip\mask\yrmj_01.spr	379	1	1	用于易容术的面具，装备到装备栏中即可变成该NPC的样子。		100	1	0		1047	1047													31	1	1															
易容面具-青年雷剑	0	11	112	\spr\item\equip\mask\yrmj_01.spr	379	1	1	用于易容术的面具，装备到装备栏中即可变成该NPC的样子。		100	1	0		1043	1043													31	10	10															
易容面具-青年笑霜	0	11	113	\spr\item\equip\mask\yrmj_01.spr	379	1	1	用于易容术的面具，装备到装备栏中即可变成该NPC的样子。		100	1	0		1044	1044													31	10	10															
易容面具-青年火刃	0	11	114	\spr\item\equip\mask\yrmj_01.spr	379	1	1	用于易容术的面具，装备到装备栏中即可变成该NPC的样子。		100	1	0		1045	1045													31	10	10															
易容面具-青年海棠	0	11	115	\spr\item\equip\mask\yrmj_01.spr	379	1	1	用于易容术的面具，装备到装备栏中即可变成该NPC的样子。		100	1	0		1046	1046													31	10	10															
易容面具-青年金锋	0	11	116	\spr\item\equip\mask\yrmj_01.spr	379	1	1	用于易容术的面具，装备到装备栏中即可变成该NPC的样子。		100	1	0		1047	1047													31	10	10															
易容面具-成年雷剑	0	11	117	\spr\item\equip\mask\yrmj_01.spr	379	1	1	用于易容术的面具，装备到装备栏中即可变成该NPC的样子。		100	1	0		1061	1061													31	10	10															
易容面具-成年笑霜	0	11	118	\spr\item\equip\mask\yrmj_01.spr	379	1	1	用于易容术的面具，装备到装备栏中即可变成该NPC的样子。		100	1	0		1062	1062													31	10	10															
易容面具-成年火刃	0	11	119	\spr\item\equip\mask\yrmj_01.spr	379	1	1	用于易容术的面具，装备到装备栏中即可变成该NPC的样子。		100	1	0		1063	1063													31	10	10															
易容面具-成年海棠	0	11	120	\spr\item\equip\mask\yrmj_01.spr	379	1	1	用于易容术的面具，装备到装备栏中即可变成该NPC的样子。		100	1	0		1064	1064													31	10	10															
易容面具-成年金锋	0	11	121	\spr\item\equip\mask\yrmj_01.spr	379	1	1	用于易容术的面具，装备到装备栏中即可变成该NPC的样子。		100	1	0		1065	1065													31	10	10															
易容面具-圣诞精灵(绿)	0	11	122	\spr\item\equip\mask\yrmj_01.spr	379	1	1	用于易容术的面具，装备到装备栏中即可变成该NPC的样子。		100	1	0		1121	1121													31	1	1															
易容面具-新年侠客	0	11	123	\spr\item\equip\mask\yrmj_01.spr	379	1	1	用于易容术的面具，装备到装备栏中即可变成该NPC的样子。		100	1	0		1122	1122													31	1	1															
易容面具-新年侠女	0	11	124	\spr\item\equip\mask\yrmj_01.spr	379	1	1	用于易容术的面具，装备到装备栏中即可变成该NPC的样子。		100	1	0		1123	1123													31	1	1															
易容面具-雪兔	0	11	125	\spr\item\equip\mask\yrmj_01.spr	379	1	1	用于易容术的面具，装备到装备栏中即可变成该NPC的样子。		100	1	0		1124	1124													31	1	1															
易容面具-驯鹿	0	11	126	\spr\item\equip\mask\yrmj_01.spr	379	1	1	用于易容术的面具，装备到装备栏中即可变成该NPC的样子。		100	1	0		1125	1125													31	1	1															
易容面具-圣诞精灵(蓝)	0	11	127	\spr\item\equip\mask\yrmj_01.spr	379	1	1	用于易容术的面具，装备到装备栏中即可变成该NPC的样子。		100	1	0		1126	1126													31	1	1															
易容面具-圣诞精灵(紫)	0	11	128	\spr\item\equip\mask\yrmj_01.spr	379	1	1	用于易容术的面具，装备到装备栏中即可变成该NPC的样子。		100	1	0		1127	1127													31	1	1															
易容面具-圣诞精灵(红)	0	11	129	\spr\item\equip\mask\yrmj_01.spr	379	1	1	用于易容术的面具，装备到装备栏中即可变成该NPC的样子。		100	1	0		1128	1128													31	1	1															
易容面具-圣诞精灵(黄)	0	11	130	\spr\item\equip\mask\yrmj_01.spr	379	1	1	用于易容术的面具，装备到装备栏中即可变成该NPC的样子。		100	1	0		1129	1129													31	1	1															
易容面具-圣诞老人(蓝)	0	11	131	\spr\item\equip\mask\yrmj_01.spr	379	1	1	用于易容术的面具，装备到装备栏中即可变成该NPC的样子。		100	1	0		1130	1130													31	1	1															
易容面具-圣诞老人(粉)	0	11	132	\spr\item\equip\mask\yrmj_01.spr	379	1	1	用于易容术的面具，装备到装备栏中即可变成该NPC的样子。		100	1	0		1131	1131													31	1	1															
易容面具-圣诞老人(白)	0	11	133	\spr\item\equip\mask\yrmj_01.spr	379	1	1	用于易容术的面具，装备到装备栏中即可变成该NPC的样子。		100	1	0		1132	1132													31	1	1															
易容面具-圣诞老人(黄)	0	11	134	\spr\item\equip\mask\yrmj_01.spr	379	1	1	用于易容术的面具，装备到装备栏中即可变成该NPC的样子。		100	1	0		1133	1133													31	1	1															
易容面具-圣诞天使(蓝)	0	11	135	\spr\item\equip\mask\yrmj_01.spr	379	1	1	用于易容术的面具，装备到装备栏中即可变成该NPC的样子。		100	1	0		1134	1134													31	1	1															
易容面具-圣诞天使(粉)	0	11	136	\spr\item\equip\mask\yrmj_01.spr	379	1	1	用于易容术的面具，装备到装备栏中即可变成该NPC的样子。		100	1	0		1135	1135													31	1	1															
易容面具-圣诞天使(白)	0	11	137	\spr\item\equip\mask\yrmj_01.spr	379	1	1	用于易容术的面具，装备到装备栏中即可变成该NPC的样子。		100	1	0		1136	1136													31	1	1															
易容面具-圣诞天使(黄)	0	11	138	\spr\item\equip\mask\yrmj_01.spr	379	1	1	用于易容术的面具，装备到装备栏中即可变成该NPC的样子。		100	1	0		1137	1137													31	1	1															
易容面具-张宗正	0	11	139	\spr\item\equip\mask\yrmj_02.spr	379	1	1	戴上后即可易容成该NPC的样子，使用时间为零后将会自动消失。		100	1	0		511	511													44	43200	43200															
易容面具-妙如	0	11	140	\spr\item\equip\mask\yrmj_02.spr	379	1	1	戴上后即可易容成该NPC的样子，使用时间为零后将会自动消失。		100	1	0		513	513													44	43200	43200															
易容面具-柳青青	0	11	141	\spr\item\equip\mask\yrmj_02.spr	379	1	1	戴上后即可易容成该NPC的样子，使用时间为零后将会自动消失。		100	1	0		523	523													44	43200	43200															
易容面具-扇客	0	11	142	\spr\item\equip\mask\yrmj_02.spr	379	1	1	戴上后即可易容成该NPC的样子，使用时间为零后将会自动消失。		100	1	0		602	602													44	43200	43200															
易容面具-蓝伊伊	0	11	143	\spr\item\equip\mask\yrmj_02.spr	379	1	1	戴上后即可易容成该NPC的样子，使用时间为零后将会自动消失。		100	1	0		582	582													44	43200	43200															
易容面具-古柏	0	11	144	\spr\item\equip\mask\yrmj_02.spr	379	1	1	戴上后即可易容成该NPC的样子，使用时间为零后将会自动消失。		100	1	0		566	566													44	43200	43200															
易容面具-道清真人	0	11	145	\spr\item\equip\mask\yrmj_02.spr	379	1	1	戴上后即可易容成该NPC的样子，使用时间为零后将会自动消失。		100	1	0		562	562													44	43200	43200															
易容面具-耶律辟离	0	11	146	\spr\item\equip\mask\yrmj_02.spr	379	1	1	戴上后即可易容成该NPC的样子，使用时间为零后将会自动消失。		100	1	0		563	563													44	43200	43200															
易容面具-完颜雪衣	0	11	147	\spr\item\equip\mask\yrmj_02.spr	379	1	1	戴上后即可易容成该NPC的样子，使用时间为零后将会自动消失。		100	1	0		564	564													44	43200	43200															
易容面具-端木睿	0	11	148	\spr\item\equip\mask\yrmj_02.spr	379	1	1	戴上后即可易容成该NPC的样子，使用时间为零后将会自动消失。		100	1	0		565	565													44	43200	43200															
易容面具-钟灵秀	0	11	149	\spr\item\equip\mask\yrmj_02.spr	379	1	1	戴上后即可易容成该NPC的样子，使用时间为零后将会自动消失。		100	1	0		567	567													44	43200	43200															
易容面具-何怜飘	0	11	150	\spr\item\equip\mask\yrmj_02.spr	379	1	1	戴上后即可易容成该NPC的样子，使用时间为零后将会自动消失。		100	1	0		568	568													44	43200	43200															
易容面具-孟沧浪	0	11	151	\spr\item\equip\mask\yrmj_02.spr	379	1	1	戴上后即可易容成该NPC的样子，使用时间为零后将会自动消失。		100	1	0		583	583													44	43200	43200															
易容面具-东北虎	0	11	152	\spr\item\equip\mask\yrmj_02.spr	379	1	1	戴上后即可易容成该动物的样子，使用时间为零后将会自动消失。		100	1	0		0	0													44	10080	10080															
易容面具-华南虎	0	11	153	\spr\item\equip\mask\yrmj_02.spr	379	1	1	戴上后即可易容成该动物的样子，使用时间为零后将会自动消失。		100	1	0		1	1													44	10080	10080															
易容面具-白虎	0	11	154	\spr\item\equip\mask\yrmj_02.spr	379	1	1	戴上后即可易容成该动物的样子，使用时间为零后将会自动消失。		100	1	0		2	2													44	10080	10080															
易容面具-金钱豹	0	11	155	\spr\item\equip\mask\yrmj_02.spr	379	1	1	戴上后即可易容成该动物的样子，使用时间为零后将会自动消失。		100	1	0		3	3													44	10080	10080															
易容面具-雪豹	0	11	156	\spr\item\equip\mask\yrmj_02.spr	379	1	1	戴上后即可易容成该动物的样子，使用时间为零后将会自动消失。		100	1	0		4	4													44	43200	43200															
易容面具-灰狼	0	11	157	\spr\item\equip\mask\yrmj_02.spr	379	1	1	戴上后即可易容成该动物的样子，使用时间为零后将会自动消失。		100	1	0		5	5													44	10080	10080															
易容面具-火狼	0	11	158	\spr\item\equip\mask\yrmj_02.spr	379	1	1	戴上后即可易容成该动物的样子，使用时间为零后将会自动消失。		100	1	0		6	6													44	10080	10080															
易容面具-青狼	0	11	159	\spr\item\equip\mask\yrmj_02.spr	379	1	1	戴上后即可易容成该动物的样子，使用时间为零后将会自动消失。		100	1	0		7	7													44	43200	43200															
易容面具-雪狼	0	11	160	\spr\item\equip\mask\yrmj_02.spr	379	1	1	戴上后即可易容成该动物的样子，使用时间为零后将会自动消失。		100	1	0		8	8													44	10080	10080															
易容面具-狐狸	0	11	161	\spr\item\equip\mask\yrmj_02.spr	379	1	1	戴上后即可易容成该动物的样子，使用时间为零后将会自动消失。		100	1	0		9	9													44	10080	10080															
易容面具-红狐	0	11	162	\spr\item\equip\mask\yrmj_02.spr	379	1	1	戴上后即可易容成该动物的样子，使用时间为零后将会自动消失。		100	1	0		10	10													44	10080	10080															
易容面具-野猪	0	11	163	\spr\item\equip\mask\yrmj_02.spr	379	1	1	戴上后即可易容成该动物的样子，使用时间为零后将会自动消失。		100	1	0		11	11													44	10080	10080															
易容面具-刺猬	0	11	164	\spr\item\equip\mask\yrmj_02.spr	379	1	1	戴上后即可易容成该动物的样子，使用时间为零后将会自动消失。		100	1	0		12	12													44	43200	43200															
易容面具-亚洲象	0	11	165	\spr\item\equip\mask\yrmj_02.spr	379	1	1	戴上后即可易容成该动物的样子，使用时间为零后将会自动消失。		100	1	0		13	13													44	43200	43200															
易容面具-黄河象	0	11	166	\spr\item\equip\mask\yrmj_02.spr	379	1	1	戴上后即可易容成该动物的样子，使用时间为零后将会自动消失。		100	1	0		14	14													44	43200	43200															
易容面具-棕熊	0	11	167	\spr\item\equip\mask\yrmj_02.spr	379	1	1	戴上后即可易容成该动物的样子，使用时间为零后将会自动消失。		100	1	0		15	15													44	10080	10080															
易容面具-黑熊	0	11	168	\spr\item\equip\mask\yrmj_02.spr	379	1	1	戴上后即可易容成该动物的样子，使用时间为零后将会自动消失。		100	1	0		16	16													44	10080	10080															
易容面具-野牛	0	11	169	\spr\item\equip\mask\yrmj_02.spr	379	1	1	戴上后即可易容成该动物的样子，使用时间为零后将会自动消失。		100	1	0		17	17													44	43200	43200															
易容面具-扬子鳄	0	11	170	\spr\item\equip\mask\yrmj_02.spr	379	1	1	戴上后即可易容成该动物的样子，使用时间为零后将会自动消失。		100	1	0		18	18													44	10080	10080															
易容面具-火蜥蜴	0	11	171	\spr\item\equip\mask\yrmj_02.spr	379	1	1	戴上后即可易容成该动物的样子，使用时间为零后将会自动消失。		100	1	0		19	19													44	10080	10080															
易容面具-眼镜蟒蛇	0	11	172	\spr\item\equip\mask\yrmj_02.spr	379	1	1	戴上后即可易容成该动物的样子，使用时间为零后将会自动消失。		100	1	0		20	20													44	43200	43200															
易容面具-绿色蟒蛇	0	11	173	\spr\item\equip\mask\yrmj_02.spr	379	1	1	戴上后即可易容成该动物的样子，使用时间为零后将会自动消失。		100	1	0		21	21													44	10080	10080															
易容面具-金环蟒蛇	0	11	174	\spr\item\equip\mask\yrmj_02.spr	379	1	1	戴上后即可易容成该动物的样子，使用时间为零后将会自动消失。		100	1	0		22	22													44	10080	10080															
易容面具-赤练蟒蛇	0	11	175	\spr\item\equip\mask\yrmj_02.spr	379	1	1	戴上后即可易容成该动物的样子，使用时间为零后将会自动消失。		100	1	0		23	23													44	10080	10080															
易容面具-金雕	0	11	176	\spr\item\equip\mask\yrmj_02.spr	379	1	1	戴上后即可易容成该动物的样子，使用时间为零后将会自动消失。		100	1	0		26	26													44	43200	43200															
易容面具-苍鹰	0	11	177	\spr\item\equip\mask\yrmj_02.spr	379	1	1	戴上后即可易容成该动物的样子，使用时间为零后将会自动消失。		100	1	0		25	25													44	43200	43200															
易容面具-秃鹫	0	11	178	\spr\item\equip\mask\yrmj_02.spr	379	1	1	戴上后即可易容成该动物的样子，使用时间为零后将会自动消失。		100	1	0		24	24													44	43200	43200															
易容面具-霸王蝙蝠	0	11	179	\spr\item\equip\mask\yrmj_02.spr	379	1	1	戴上后即可易容成该动物的样子，使用时间为零后将会自动消失。		100	1	0		27	27													44	43200	43200															
易容面具-红霸王蝙蝠	0	11	180	\spr\item\equip\mask\yrmj_02.spr	379	1	1	戴上后即可易容成该动物的样子，使用时间为零后将会自动消失。		100	1	0		28	28													44	43200	43200															
易容面具-溶洞蝙蝠	0	11	181	\spr\item\equip\mask\yrmj_02.spr	379	1	1	戴上后即可易容成该动物的样子，使用时间为零后将会自动消失。		100	1	0		29	29													44	43200	43200															
易容面具-吸血蝙蝠	0	11	182	\spr\item\equip\mask\yrmj_02.spr	379	1	1	戴上后即可易容成该动物的样子，使用时间为零后将会自动消失。		100	1	0		30	30													44	43200	43200															
易容面具-金猫	0	11	183	\spr\item\equip\mask\yrmj_02.spr	379	1	1	戴上后即可易容成该动物的样子，使用时间为零后将会自动消失。		100	1	0		31	31													44	43200	43200															
易容面具-猞猁	0	11	184	\spr\item\equip\mask\yrmj_02.spr	379	1	1	戴上后即可易容成该动物的样子，使用时间为零后将会自动消失。		100	1	0		32	32													44	10080	10080															
易容面具-浣熊	0	11	185	\spr\item\equip\mask\yrmj_02.spr	379	1	1	戴上后即可易容成该动物的样子，使用时间为零后将会自动消失。		100	1	0		33	33													44	10080	10080															
易容面具-灵猫	0	11	186	\spr\item\equip\mask\yrmj_02.spr	379	1	1	戴上后即可易容成该动物的样子，使用时间为零后将会自动消失。		100	1	0		34	34													44	10080	10080															
易容面具-藏域猴	0	11	187	\spr\item\equip\mask\yrmj_02.spr	379	1	1	戴上后即可易容成该动物的样子，使用时间为零后将会自动消失。		100	1	0		35	35													44	10080	10080															
易容面具-灰叶猴	0	11	188	\spr\item\equip\mask\yrmj_02.spr	379	1	1	戴上后即可易容成该动物的样子，使用时间为零后将会自动消失。		100	1	0		36	36													44	10080	10080															
易容面具-黑叶猴	0	11	189	\spr\item\equip\mask\yrmj_02.spr	379	1	1	戴上后即可易容成该动物的样子，使用时间为零后将会自动消失。		100	1	0		37	37													44	10080	10080															
易容面具-金丝猴	0	11	190	\spr\item\equip\mask\yrmj_02.spr	379	1	1	戴上后即可易容成该动物的样子，使用时间为零后将会自动消失。		100	1	0		38	38													44	43200	43200															
易容面具-豺	0	11	191	\spr\item\equip\mask\yrmj_02.spr	379	1	1	戴上后即可易容成该动物的样子，使用时间为零后将会自动消失。		100	1	0		39	39													44	10080	10080															
易容面具-雪怪	0	11	192	\spr\item\equip\mask\yrmj_02.spr	379	1	1	戴上后即可易容成该动物的样子，使用时间为零后将会自动消失。		100	1	0		40	40													44	10080	10080															
易容面具-蛤蟆	0	11	193	\spr\item\equip\mask\yrmj_02.spr	379	1	1	戴上后即可易容成该动物的样子，使用时间为零后将会自动消失。		100	1	0		41	41													44	10080	10080															
易容面具-梅花鹿	0	11	194	\spr\item\equip\mask\yrmj_02.spr	379	1	1	戴上后即可易容成该动物的样子，使用时间为零后将会自动消失。		100	1	0		42	42													44	43200	43200															
易容面具-白猪	0	11	195	\spr\item\equip\mask\yrmj_02.spr	379	1	1	戴上后即可易容成该动物的样子，使用时间为零后将会自动消失。		100	1	0		43	43													44	43200	43200															
易容面具-蝎子	0	11	196	\spr\item\equip\mask\yrmj_02.spr	379	1	1	戴上后即可易容成该动物的样子，使用时间为零后将会自动消失。		100	1	0		44	44													44	10080	10080															
易容面具-蜘蛛	0	11	197	\spr\item\equip\mask\yrmj_02.spr	379	1	1	戴上后即可易容成该动物的样子，使用时间为零后将会自动消失。		100	1	0		45	45													44	10080	10080															
易容面具-蜈蚣	0	11	198	\spr\item\equip\mask\yrmj_02.spr	379	1	1	戴上后即可易容成该动物的样子，使用时间为零后将会自动消失。		100	1	0		46	46													44	10080	10080															
易容面具-圣诞老人(红)	0	11	199	\spr\item\equip\mask\yrmj_02.spr	379	1	1	圣诞节日面具，装备到装备栏中即可变成圣诞老人的样子，使用时间为零后将会自动消失。		100	1	0		623	623													44	7200	7200															
易容面具-圣诞天使(红)	0	11	200	\spr\item\equip\mask\yrmj_02.spr	379	1	1	圣诞节日面具，装备到装备栏中即可变成圣诞天使的样子，使用时间为零后将会自动消失。		100	1	0		624	624													44	7200	7200															
节日面具-大头娃娃	0	11	201	\spr\item\equip\mask\yrmj_02.spr	379	1	1	新春面具，戴上之后，可以装扮成舞扇子的大头娃娃，使用时间为零后将会自动消失。		100	1	0		726	726													44	43200	43200															
节日面具-舞南狮子	0	11	202	\spr\item\equip\mask\yrmj_02.spr	379	1	1	新春面具，戴上之后，可以装扮成南方的舞狮子，使用时间为零后将会自动消失。		100	1	0		727	727													44	43200	43200															
节日面具-舞北狮子	0	11	203	\spr\item\equip\mask\yrmj_02.spr	379	1	1	新春面具，戴上之后，可以装扮成北方的舞狮子，使用时间为零后将会自动消失。		100	1	0		728	728													44	43200	43200															
节日面具-舞龙珠	0	11	204	\spr\item\equip\mask\yrmj_02.spr	379	1	1	新春面具，戴上之后，可以装扮成舞龙珠的人，使用时间为零后将会自动消失。		100	1	0		729	729													44	43200	43200															
节日面具-舞龙头	0	11	205	\spr\item\equip\mask\yrmj_02.spr	379	1	1	新春面具，戴上之后，可以装扮成舞龙头的人，使用时间为零后将会自动消失。		100	1	0		730	730													44	43200	43200															
节日面具-舞龙身	0	11	206	\spr\item\equip\mask\yrmj_02.spr	379	1	1	新春面具，戴上之后，可以装扮成舞龙身的人，使用时间为零后将会自动消失。		100	1	0		731	731													44	43200	43200															
节日面具-舞龙尾	0	11	207	\spr\item\equip\mask\yrmj_02.spr	379	1	1	新春面具，戴上之后，可以装扮成舞龙尾的人，使用时间为零后将会自动消失。		100	1	0		732	732													44	43200	43200															
易容面具-王佐	0	11	208	\spr\item\equip\mask\yrmj_02.spr	379	1	1	戴上后即可易容成该NPC的样子，使用时间为零后将会自动消失。		100	1	0		739	739													44	7200	7200															
易容面具-玄觉大师	0	11	209	\spr\item\equip\mask\yrmj_02.spr	379	1	1	戴上后即可易容成该NPC的样子，使用时间为零后将会自动消失。		100	2	1		740	740													44	43200	43200															
易容面具-唐不染	0	11	210	\spr\item\equip\mask\yrmj_02.spr	379	1	1	戴上后即可易容成该NPC的样子，使用时间为零后将会自动消失。		100	3	2		741	741													44	43200	43200															
易容面具-白莹莹	0	11	211	\spr\item\equip\mask\yrmj_02.spr	379	1	1	戴上后即可易容成该NPC的样子，使用时间为零后将会自动消失。		100	4	3		742	742													44	7200	7200															
易容面具-清绝师太	0	11	212	\spr\item\equip\mask\yrmj_02.spr	379	1	1	戴上后即可易容成该NPC的样子，使用时间为零后将会自动消失。		100	5	4		743	743													44	43200	43200															
易容面具-嫣晓倩	0	11	213	\spr\item\equip\mask\yrmj_02.spr	379	1	1	戴上后即可易容成该NPC的样子，使用时间为零后将会自动消失。		100	6	5		744	744													44	7200	7200															
易容面具-何人我	0	11	214	\spr\item\equip\mask\yrmj_02.spr	379	1	1	戴上后即可易容成该NPC的样子，使用时间为零后将会自动消失。		100	7	6		745	745													44	43200	43200															
易容面具-单思南	0	11	215	\spr\item\equip\mask\yrmj_02.spr	379	1	1	戴上后即可易容成该NPC的样子，使用时间为零后将会自动消失。		100	8	7		746	746													44	7200	7200															
易容面具-璇玑子	0	11	216	\spr\item\equip\mask\yrmj_02.spr	379	1	1	戴上后即可易容成该NPC的样子，使用时间为零后将会自动消失。		100	9	8		747	747													44	43200	43200															
易容面具-韩蒙	0	11	217	\spr\item\equip\mask\yrmj_02.spr	379	1	1	戴上后即可易容成该NPC的样子，使用时间为零后将会自动消失。		100	10	9		748	748													44	43200	43200															
单次易容面具-少年雷剑	0	11	218	\spr\item\equip\mask\yrmj_02.spr	379	1	1	戴上后即可易容成该NPC的样子，使用时间为零后将会自动消失。		100	1	0		1056	1056													44	43200	43200															
单次易容面具-少年笑霜	0	11	219	\spr\item\equip\mask\yrmj_02.spr	379	1	1	戴上后即可易容成该NPC的样子，使用时间为零后将会自动消失。		100	1	0		1057	1057													44	43200	43200															
单次易容面具-少年火刃	0	11	220	\spr\item\equip\mask\yrmj_02.spr	379	1	1	戴上后即可易容成该NPC的样子，使用时间为零后将会自动消失。		100	1	0		1058	1058													44	43200	43200															
单次易容面具-少年海棠	0	11	221	\spr\item\equip\mask\yrmj_02.spr	379	1	1	戴上后即可易容成该NPC的样子，使用时间为零后将会自动消失。		100	1	0		1059	1059													44	43200	43200															
单次易容面具-少年金锋	0	11	222	\spr\item\equip\mask\yrmj_02.spr	379	1	1	戴上后即可易容成该NPC的样子，使用时间为零后将会自动消失。		100	1	0		1060	1060													44	43200	43200															
易容面具-少年雷剑	0	11	223	\spr\item\equip\mask\yrmj_02.spr	379	1	1	戴上后即可易容成该NPC的样子，使用时间为零后将会自动消失。		100	1	0		1056	1056													44	43200	43200															
易容面具-少年笑霜	0	11	224	\spr\item\equip\mask\yrmj_02.spr	379	1	1	戴上后即可易容成该NPC的样子，使用时间为零后将会自动消失。		100	1	0		1057	1057													44	43200	43200															
易容面具-少年火刃	0	11	225	\spr\item\equip\mask\yrmj_02.spr	379	1	1	戴上后即可易容成该NPC的样子，使用时间为零后将会自动消失。		100	1	0		1058	1058													44	43200	43200															
易容面具-少年海棠	0	11	226	\spr\item\equip\mask\yrmj_02.spr	379	1	1	戴上后即可易容成该NPC的样子，使用时间为零后将会自动消失。		100	1	0		1059	1059													44	43200	43200															
易容面具-少年金锋	0	11	227	\spr\item\equip\mask\yrmj_02.spr	379	1	1	戴上后即可易容成该NPC的样子，使用时间为零后将会自动消失。		100	1	0		1060	1060													44	43200	43200															
单次易容面具-青年雷剑	0	11	228	\spr\item\equip\mask\yrmj_02.spr	379	1	1	戴上后即可易容成该NPC的样子，使用时间为零后将会自动消失。		100	1	0		1043	1043													44	43200	43200															
单次易容面具-青年笑霜	0	11	229	\spr\item\equip\mask\yrmj_02.spr	379	1	1	戴上后即可易容成该NPC的样子，使用时间为零后将会自动消失。		100	1	0		1044	1044													44	43200	43200															
单次易容面具-青年火刃	0	11	230	\spr\item\equip\mask\yrmj_02.spr	379	1	1	戴上后即可易容成该NPC的样子，使用时间为零后将会自动消失。		100	1	0		1045	1045													44	43200	43200															
单次易容面具-青年海棠	0	11	231	\spr\item\equip\mask\yrmj_02.spr	379	1	1	戴上后即可易容成该NPC的样子，使用时间为零后将会自动消失。		100	1	0		1046	1046													44	43200	43200															
单次易容面具-青年金锋	0	11	232	\spr\item\equip\mask\yrmj_02.spr	379	1	1	戴上后即可易容成该NPC的样子，使用时间为零后将会自动消失。		100	1	0		1047	1047													44	43200	43200															
易容面具-青年雷剑	0	11	233	\spr\item\equip\mask\yrmj_02.spr	379	1	1	戴上后即可易容成该NPC的样子，使用时间为零后将会自动消失。		100	1	0		1043	1043													44	43200	43200															
易容面具-青年笑霜	0	11	234	\spr\item\equip\mask\yrmj_02.spr	379	1	1	戴上后即可易容成该NPC的样子，使用时间为零后将会自动消失。		100	1	0		1044	1044													44	43200	43200															
易容面具-青年火刃	0	11	235	\spr\item\equip\mask\yrmj_02.spr	379	1	1	戴上后即可易容成该NPC的样子，使用时间为零后将会自动消失。		100	1	0		1045	1045													44	43200	43200															
易容面具-青年海棠	0	11	236	\spr\item\equip\mask\yrmj_02.spr	379	1	1	戴上后即可易容成该NPC的样子，使用时间为零后将会自动消失。		100	1	0		1046	1046													44	43200	43200															
易容面具-青年金锋	0	11	237	\spr\item\equip\mask\yrmj_02.spr	379	1	1	戴上后即可易容成该NPC的样子，使用时间为零后将会自动消失。		100	1	0		1047	1047													44	43200	43200															
易容面具-成年雷剑	0	11	238	\spr\item\equip\mask\yrmj_02.spr	379	1	1	戴上后即可易容成该NPC的样子，使用时间为零后将会自动消失。		100	1	0		1061	1061													44	43200	43200															
易容面具-成年笑霜	0	11	239	\spr\item\equip\mask\yrmj_02.spr	379	1	1	戴上后即可易容成该NPC的样子，使用时间为零后将会自动消失。		100	1	0		1062	1062													44	43200	43200															
易容面具-成年火刃	0	11	240	\spr\item\equip\mask\yrmj_02.spr	379	1	1	戴上后即可易容成该NPC的样子，使用时间为零后将会自动消失。		100	1	0		1063	1063													44	43200	43200															
易容面具-成年海棠	0	11	241	\spr\item\equip\mask\yrmj_02.spr	379	1	1	戴上后即可易容成该NPC的样子，使用时间为零后将会自动消失。		100	1	0		1064	1064													44	43200	43200															
易容面具-成年金锋	0	11	242	\spr\item\equip\mask\yrmj_02.spr	379	1	1	戴上后即可易容成该NPC的样子，使用时间为零后将会自动消失。		100	1	0		1065	1065													44	43200	43200															
易容面具-圣诞精灵(绿)	0	11	243	\spr\item\equip\mask\yrmj_02.spr	379	1	1	戴上后即可易容成该NPC的样子，使用时间为零后将会自动消失。		100	1	0		1121	1121													44	7200	7200															
易容面具-新年侠客	0	11	244	\spr\item\equip\mask\yrmj_02.spr	379	1	1	戴上后即可易容成该NPC的样子，使用时间为零后将会自动消失。		100	1	0		1122	1122													44	10080	10080															
易容面具-新年侠女	0	11	245	\spr\item\equip\mask\yrmj_02.spr	379	1	1	戴上后即可易容成该NPC的样子，使用时间为零后将会自动消失。		100	1	0		1123	1123													44	10080	10080															
易容面具-雪兔	0	11	246	\spr\item\equip\mask\yrmj_02.spr	379	1	1	戴上后即可易容成该NPC的样子，使用时间为零后将会自动消失。		100	1	0		1124	1124													44	43200	43200															
易容面具-驯鹿	0	11	247	\spr\item\equip\mask\yrmj_02.spr	379	1	1	戴上后即可易容成该NPC的样子，使用时间为零后将会自动消失。		100	1	0		1125	1125													44	43200	43200															
易容面具-圣诞精灵(蓝)	0	11	248	\spr\item\equip\mask\yrmj_02.spr	379	1	1	戴上后即可易容成该NPC的样子，使用时间为零后将会自动消失。		100	1	0		1126	1126													44	7200	7200															
易容面具-圣诞精灵(紫)	0	11	249	\spr\item\equip\mask\yrmj_02.spr	379	1	1	戴上后即可易容成该NPC的样子，使用时间为零后将会自动消失。		100	1	0		1127	1127													44	7200	7200															
易容面具-圣诞精灵(红)	0	11	250	\spr\item\equip\mask\yrmj_02.spr	379	1	1	戴上后即可易容成该NPC的样子，使用时间为零后将会自动消失。		100	1	0		1128	1128													44	7200	7200															
易容面具-圣诞精灵(黄)	0	11	251	\spr\item\equip\mask\yrmj_02.spr	379	1	1	戴上后即可易容成该NPC的样子，使用时间为零后将会自动消失。		100	1	0		1129	1129													44	7200	7200															
易容面具-圣诞老人(蓝)	0	11	252	\spr\item\equip\mask\yrmj_02.spr	379	1	1	戴上后即可易容成该NPC的样子，使用时间为零后将会自动消失。		100	1	0		1130	1130													44	7200	7200															
易容面具-圣诞老人(粉)	0	11	253	\spr\item\equip\mask\yrmj_02.spr	379	1	1	戴上后即可易容成该NPC的样子，使用时间为零后将会自动消失。		100	1	0		1131	1131													44	7200	7200															
易容面具-圣诞老人(白)	0	11	254	\spr\item\equip\mask\yrmj_02.spr	379	1	1	戴上后即可易容成该NPC的样子，使用时间为零后将会自动消失。		100	1	0		1132	1132													44	7200	7200															
易容面具-圣诞老人(黄)	0	11	255	\spr\item\equip\mask\yrmj_02.spr	379	1	1	戴上后即可易容成该NPC的样子，使用时间为零后将会自动消失。		100	1	0		1133	1133													44	7200	7200															
易容面具-圣诞天使(蓝)	0	11	256	\spr\item\equip\mask\yrmj_02.spr	379	1	1	戴上后即可易容成该NPC的样子，使用时间为零后将会自动消失。		100	1	0		1134	1134													44	7200	7200															
易容面具-圣诞天使(粉)	0	11	257	\spr\item\equip\mask\yrmj_02.spr	379	1	1	戴上后即可易容成该NPC的样子，使用时间为零后将会自动消失。		100	1	0		1135	1135													44	7200	7200															
易容面具-圣诞天使(白)	0	11	258	\spr\item\equip\mask\yrmj_02.spr	379	1	1	戴上后即可易容成该NPC的样子，使用时间为零后将会自动消失。		100	1	0		1136	1136													44	7200	7200															
易容面具-圣诞天使(黄)	0	11	259	\spr\item\equip\mask\yrmj_02.spr	379	1	1	戴上后即可易容成该NPC的样子，使用时间为零后将会自动消失。		100	1	0		1137	1137													44	7200	7200															
易容面具-夏诚	0	11	260	\spr\item\equip\mask\yrmj_02.spr	379	1	1	戴上后即可易容成该NPC的样子，使用时间为零后将会自动消失。		100	1	0		1138	1138													44	43200	43200															
易容面具-苏词馨	0	11	261	\spr\item\equip\mask\yrmj_02.spr	379	1	1	戴上后即可易容成该NPC的样子，使用时间为零后将会自动消失。		100	1	0		1139	1139													44	43200	43200															
易容面具-唐天心	0	11	262	\spr\item\equip\mask\yrmj_02.spr	379	1	1	戴上后即可易容成该NPC的样子，使用时间为零后将会自动消失。		100	1	0		1140	1140													44	43200	43200															
易容面具-年兽	0	11	263	\spr\item\equip\mask\yrmj_02.spr	379	1	1	戴上后即可易容成年兽的样子，使用时间为零后将会自动消失。		100	1	0		1141	1141													44	43200	43200															
易容面具-夏诚	0	11	264	\spr\item\equip\mask\yrmj_02.spr	379	1	1	用于易容术的面具，装备到装备栏中即可变成该NPC的样子。		100	1	0		1138	1138													31	10	10															
易容面具-苏词馨	0	11	265	\spr\item\equip\mask\yrmj_02.spr	379	1	1	用于易容术的面具，装备到装备栏中即可变成该NPC的样子。		100	1	0		1139	1139													31	10	10															
易容面具-唐天心	0	11	266	\spr\item\equip\mask\yrmj_02.spr	379	1	1	用于易容术的面具，装备到装备栏中即可变成该NPC的样子。		100	1	0		1140	1140													31	10	10															
易容面具-西北山贼首领	0	11	267	\spr\item\equip\mask\yrmj_02.spr	379	1	1	戴上后即可易容成该NPC的样子，使用时间为零后将会自动消失。		100	1	0		140	140													44	10080	10080															
易容面具-西南山贼首领	0	11	268	\spr\item\equip\mask\yrmj_02.spr	379	1	1	戴上后即可易容成该NPC的样子，使用时间为零后将会自动消失。		100	1	0		141	141													44	10080	10080															
易容面具-江南山贼首领	0	11	269	\spr\item\equip\mask\yrmj_02.spr	379	1	1	戴上后即可易容成该NPC的样子，使用时间为零后将会自动消失。		100	1	0		142	142													44	10080	10080															
易容面具-东北山贼首领	0	11	270	\spr\item\equip\mask\yrmj_02.spr	379	1	1	戴上后即可易容成该NPC的样子，使用时间为零后将会自动消失。		100	1	0		143	143													44	10080	10080															
易容面具-华北山贼首领	0	11	271	\spr\item\equip\mask\yrmj_02.spr	379	1	1	戴上后即可易容成该NPC的样子，使用时间为零后将会自动消失。		100	1	0		144	144													44	10080	10080															
易容面具-南部山贼首领	0	11	272	\spr\item\equip\mask\yrmj_02.spr	379	1	1	戴上后即可易容成该NPC的样子，使用时间为零后将会自动消失。		100	1	0		145	145													44	10080	10080															
易容面具-山贼首领	0	11	273	\spr\item\equip\mask\yrmj_02.spr	379	1	1	戴上后即可易容成该NPC的样子，使用时间为零后将会自动消失。		100	1	0		148	148													44	10080	10080															
易容面具-西北山贼甲	0	11	274	\spr\item\equip\mask\yrmj_02.spr	379	1	1	戴上后即可易容成该NPC的样子，使用时间为零后将会自动消失。		100	1	0		149	149													44	10080	10080															
易容面具-西北山贼乙	0	11	275	\spr\item\equip\mask\yrmj_02.spr	379	1	1	戴上后即可易容成该NPC的样子，使用时间为零后将会自动消失。		100	1	0		150	150													44	10080	10080															
易容面具-西南山贼甲	0	11	276	\spr\item\equip\mask\yrmj_02.spr	379	1	1	戴上后即可易容成该NPC的样子，使用时间为零后将会自动消失。		100	1	0		151	151													44	10080	10080															
易容面具-西南山贼乙	0	11	277	\spr\item\equip\mask\yrmj_02.spr	379	1	1	戴上后即可易容成该NPC的样子，使用时间为零后将会自动消失。		100	1	0		152	152													44	10080	10080															
易容面具-江南山贼甲	0	11	278	\spr\item\equip\mask\yrmj_02.spr	379	1	1	戴上后即可易容成该NPC的样子，使用时间为零后将会自动消失。		100	1	0		153	153													44	10080	10080															
易容面具-江南山贼乙	0	11	279	\spr\item\equip\mask\yrmj_02.spr	379	1	1	戴上后即可易容成该NPC的样子，使用时间为零后将会自动消失。		100	1	0		154	154													44	10080	10080															
易容面具-华南山贼甲	0	11	280	\spr\item\equip\mask\yrmj_02.spr	379	1	1	戴上后即可易容成该NPC的样子，使用时间为零后将会自动消失。		100	1	0		155	155													44	10080	10080															
易容面具-华南山贼乙	0	11	281	\spr\item\equip\mask\yrmj_02.spr	379	1	1	戴上后即可易容成该NPC的样子，使用时间为零后将会自动消失。		100	1	0		156	156													44	10080	10080															
易容面具-东北山贼甲	0	11	282	\spr\item\equip\mask\yrmj_02.spr	379	1	1	戴上后即可易容成该NPC的样子，使用时间为零后将会自动消失。		100	1	0		157	157													44	10080	10080															
易容面具-东北山贼乙	0	11	283	\spr\item\equip\mask\yrmj_02.spr	379	1	1	戴上后即可易容成该NPC的样子，使用时间为零后将会自动消失。		100	1	0		158	158													44	10080	10080															
易容面具-华北山贼甲	0	11	284	\spr\item\equip\mask\yrmj_02.spr	379	1	1	戴上后即可易容成该NPC的样子，使用时间为零后将会自动消失。		100	1	0		159	159													44	10080	10080															
易容面具-华北山贼乙	0	11	285	\spr\item\equip\mask\yrmj_02.spr	379	1	1	戴上后即可易容成该NPC的样子，使用时间为零后将会自动消失。		100	1	0		160	160													44	10080	10080															
易容面具-中原山贼甲	0	11	286	\spr\item\equip\mask\yrmj_02.spr	379	1	1	戴上后即可易容成该NPC的样子，使用时间为零后将会自动消失。		100	1	0		161	161													44	10080	10080															
易容面具-中原山贼乙	0	11	287	\spr\item\equip\mask\yrmj_02.spr	379	1	1	戴上后即可易容成该NPC的样子，使用时间为零后将会自动消失。		100	1	0		162	162													44	10080	10080															
易容面具-山贼甲	0	11	288	\spr\item\equip\mask\yrmj_02.spr	379	1	1	戴上后即可易容成该NPC的样子，使用时间为零后将会自动消失。		100	1	0		163	163													44	10080	10080															
易容面具-山贼乙	0	11	289	\spr\item\equip\mask\yrmj_02.spr	379	1	1	戴上后即可易容成该NPC的样子，使用时间为零后将会自动消失。		100	1	0		164	164													44	10080	10080															
易容面具-山贼丙	0	11	290	\spr\item\equip\mask\yrmj_02.spr	379	1	1	戴上后即可易容成该NPC的样子，使用时间为零后将会自动消失。		100	1	0		165	165													44	10080	10080															
易容面具-山贼丁	0	11	291	\spr\item\equip\mask\yrmj_02.spr	379	1	1	戴上后即可易容成该NPC的样子，使用时间为零后将会自动消失。		100	1	0		166	166													44	10080	10080															
易容面具-山贼戊	0	11	292	\spr\item\equip\mask\yrmj_02.spr	379	1	1	戴上后即可易容成该NPC的样子，使用时间为零后将会自动消失。		100	1	0		167	167													44	10080	10080															
易容面具-山贼己	0	11	293	\spr\item\equip\mask\yrmj_02.spr	379	1	1	戴上后即可易容成该NPC的样子，使用时间为零后将会自动消失。		100	1	0		168	168													44	10080	10080															
易容面具-山贼庚	0	11	294	\spr\item\equip\mask\yrmj_02.spr	379	1	1	戴上后即可易容成该NPC的样子，使用时间为零后将会自动消失。		100	1	0		169	169													44	10080	10080															
易容面具-怪人	0	11	295	\spr\item\equip\mask\yrmj_02.spr	379	1	1	戴上后即可易容成该NPC的样子，使用时间为零后将会自动消失。		100	1	0		176	176													44	10080	10080															
易容面具-木人	0	11	296	\spr\item\equip\mask\yrmj_02.spr	379	1	1	戴上后即可易容成该NPC的样子，使用时间为零后将会自动消失。		100	1	0		190	190													44	10080	10080															
易容面具-铜人	0	11	297	\spr\item\equip\mask\yrmj_02.spr	379	1	1	戴上后即可易容成该NPC的样子，使用时间为零后将会自动消失。		100	1	0		191	191													44	10080	10080															
易容面具-女刺客	0	11	298	\spr\item\equip\mask\yrmj_02.spr	379	1	1	戴上后即可易容成该NPC的样子，使用时间为零后将会自动消失。		100	1	0		192	192													44	10080	10080															
易容面具-尼姑清和	0	11	299	\spr\item\equip\mask\yrmj_02.spr	379	1	1	戴上后即可易容成该NPC的样子，使用时间为零后将会自动消失。		100	1	0		193	193													44	10080	10080															
易容面具-妙隐	0	11	300	\spr\item\equip\mask\yrmj_02.spr	379	1	1	戴上后即可易容成该NPC的样子，使用时间为零后将会自动消失。		100	1	0		470	470													44	10080	10080															
易容面具-叶冰痕	0	11	301	\spr\item\equip\mask\yrmj_02.spr	379	1	1	戴上后即可易容成该NPC的样子，使用时间为零后将会自动消失。		100	1	0		471	471													44	10080	10080															
易容面具-秦倚风	0	11	302	\spr\item\equip\mask\yrmj_02.spr	379	1	1	戴上后即可易容成该NPC的样子，使用时间为零后将会自动消失。		100	1	0		473	473													44	10080	10080															
易容面具-谢云萝	0	11	303	\spr\item\equip\mask\yrmj_02.spr	379	1	1	戴上后即可易容成该NPC的样子，使用时间为零后将会自动消失。		100	1	0		474	474													44	10080	10080															
易容面具-青莲子	0	11	304	\spr\item\equip\mask\yrmj_02.spr	379	1	1	戴上后即可易容成该NPC的样子，使用时间为零后将会自动消失。		100	1	0		476	476													44	10080	10080															
易容面具-童夕颜	0	11	305	\spr\item\equip\mask\yrmj_02.spr	379	1	1	戴上后即可易容成该NPC的样子，使用时间为零后将会自动消失。		100	1	0		478	478													44	10080	10080															
易容面具-魏了翁	0	11	306	\spr\item\equip\mask\yrmj_02.spr	379	1	1	戴上后即可易容成该NPC的样子，使用时间为零后将会自动消失。		100	1	0		480	480													44	10080	10080															
易容面具-战斗和尚	0	11	307	\spr\item\equip\mask\yrmj_02.spr	379	1	1	戴上后即可易容成该NPC的样子，使用时间为零后将会自动消失。		100	1	0		411	411													44	10080	10080															
易容面具-罗匡生	0	11	308	\spr\item\equip\mask\yrmj_02.spr	379	1	1	戴上后即可易容成该NPC的样子，使用时间为零后将会自动消失。		100	1	0		483	483													44	10080	10080															
易容面具-唐仇	0	11	309	\spr\item\equip\mask\yrmj_02.spr	379	1	1	戴上后即可易容成该NPC的样子，使用时间为零后将会自动消失。		100	1	0		485	485													44	10080	10080															
易容面具-唐闲	0	11	310	\spr\item\equip\mask\yrmj_02.spr	379	1	1	戴上后即可易容成该NPC的样子，使用时间为零后将会自动消失。		100	1	0		486	486													44	10080	10080															
易容面具-唐云	0	11	311	\spr\item\equip\mask\yrmj_02.spr	379	1	1	戴上后即可易容成该NPC的样子，使用时间为零后将会自动消失。		100	1	0		487	487													44	10080	10080															
易容面具-唐野	0	11	312	\spr\item\equip\mask\yrmj_02.spr	379	1	1	戴上后即可易容成该NPC的样子，使用时间为零后将会自动消失。		100	1	0		488	488													44	10080	10080															
易容面具-夏诚	0	11	313	\spr\item\equip\mask\yrmj_02.spr	379	1	1	戴上后即可易容成该NPC的样子，使用时间为零后将会自动消失。		100	1	0		491	491													44	10080	10080															
易容面具-黑面郎君	0	11	314	\spr\item\equip\mask\yrmj_02.spr	379	1	1	戴上后即可易容成该NPC的样子，使用时间为零后将会自动消失。		100	1	0		492	492													44	10080	10080															
易容面具-屠异	0	11	315	\spr\item\equip\mask\yrmj_02.spr	379	1	1	戴上后即可易容成该NPC的样子，使用时间为零后将会自动消失。		100	1	0		493	493													44	10080	10080															
易容面具-战斗尼姑	0	11	316	\spr\item\equip\mask\yrmj_02.spr	379	1	1	戴上后即可易容成该NPC的样子，使用时间为零后将会自动消失。		100	1	0		412	412													44	10080	10080															
易容面具-金国官员	0	11	317	\spr\item\equip\mask\yrmj_02.spr	379	1	1	戴上后即可易容成该NPC的样子，使用时间为零后将会自动消失。		100	1	0		49	49													44	10080	10080															
易容面具-龙八	0	11	318	\spr\item\equip\mask\yrmj_02.spr	379	1	1	戴上后即可易容成该NPC的样子，使用时间为零后将会自动消失。		100	1	0		1042	1042													44	10080	10080															
易容面具-廖岐	0	11	319	\spr\item\equip\mask\yrmj_02.spr	379	1	1	戴上后即可易容成该NPC的样子，使用时间为零后将会自动消失。		100	1	0		501	501													44	10080	10080															
易容面具-凤翕如	0	11	320	\spr\item\equip\mask\yrmj_02.spr	379	1	1	戴上后即可易容成该NPC的样子，使用时间为零后将会自动消失。		100	1	0		502	502													44	10080	10080															
易容面具-徐自力	0	11	321	\spr\item\equip\mask\yrmj_02.spr	379	1	1	戴上后即可易容成该NPC的样子，使用时间为零后将会自动消失。		100	1	0		680	680													44	10080	10080															
易容面具-剑十三	0	11	322	\spr\item\equip\mask\yrmj_02.spr	379	1	1	戴上后即可易容成该NPC的样子，使用时间为零后将会自动消失。		100	1	0		505	505													44	10080	10080															
易容面具-燕九	0	11	323	\spr\item\equip\mask\yrmj_02.spr	379	1	1	戴上后即可易容成该NPC的样子，使用时间为零后将会自动消失。		100	1	0		506	506													44	10080	10080															
易容面具-彭连德	0	11	324	\spr\item\equip\mask\yrmj_02.spr	379	1	1	戴上后即可易容成该NPC的样子，使用时间为零后将会自动消失。		100	1	0		507	507													44	10080	10080															
易容面具-刘飞龙	0	11	325	\spr\item\equip\mask\yrmj_02.spr	379	1	1	戴上后即可易容成该NPC的样子，使用时间为零后将会自动消失。		100	1	0		508	508													44	10080	10080															
易容面具-莫小莹	0	11	326	\spr\item\equip\mask\yrmj_02.spr	379	1	1	戴上后即可易容成该NPC的样子，使用时间为零后将会自动消失。		100	1	0		509	509													44	10080	10080															
易容面具-谭三腿	0	11	327	\spr\item\equip\mask\yrmj_02.spr	379	1	1	戴上后即可易容成该NPC的样子，使用时间为零后将会自动消失。		100	1	0		510	510													44	10080	10080															
易容面具-神秘中年男子	0	11	328	\spr\item\equip\mask\yrmj_02.spr	379	1	1	戴上后即可易容成该NPC的样子，使用时间为零后将会自动消失。		100	1	0		652	652													44	10080	10080															
易容面具-龙五	0	11	329	\spr\item\equip\mask\yrmj_02.spr	379	1	1	戴上后即可易容成该NPC的样子，使用时间为零后将会自动消失。		100	1	0		664	664													44	10080	10080															
易容面具-路长天	0	11	330	\spr\item\equip\mask\yrmj_02.spr	379	1	1	戴上后即可易容成该NPC的样子，使用时间为零后将会自动消失。		100	1	0		669	669													44	10080	10080															
易容面具-武林人物	0	11	331	\spr\item\equip\mask\yrmj_02.spr	379	1	1	戴上后即可易容成该NPC的样子，使用时间为零后将会自动消失。		100	1	0		670	670													44	10080	10080															
易容面具-潘如龙	0	11	332	\spr\item\equip\mask\yrmj_02.spr	379	1	1	戴上后即可易容成该NPC的样子，使用时间为零后将会自动消失。		100	1	0		671	671													44	10080	10080															
易容面具-蒙古武士	0	11	333	\spr\item\equip\mask\yrmj_02.spr	379	1	1	戴上后即可易容成该NPC的样子，使用时间为零后将会自动消失。		100	1	0		673	673													44	10080	10080															
易容面具-水贼	0	11	334	\spr\item\equip\mask\yrmj_02.spr	379	1	1	戴上后即可易容成该NPC的样子，使用时间为零后将会自动消失。		100	1	0		674	674													44	10080	10080															
易容面具-荷花盗	0	11	335	\spr\item\equip\mask\yrmj_02.spr	379	1	1	戴上后即可易容成该NPC的样子，使用时间为零后将会自动消失。		100	1	0		675	675													44	10080	10080															
易容面具-龙追舞	0	11	336	\spr\item\equip\mask\yrmj_02.spr	379	1	1	戴上后即可易容成该NPC的样子，使用时间为零后将会自动消失。		100	1	0		676	676													44	10080	10080															
易容面具-廖定	0	11	337	\spr\item\equip\mask\yrmj_02.spr	379	1	1	戴上后即可易容成该NPC的样子，使用时间为零后将会自动消失。		100	1	0		694	694													44	10080	10080															
易容面具-落光	0	11	338	\spr\item\equip\mask\yrmj_02.spr	379	1	1	戴上后即可易容成该NPC的样子，使用时间为零后将会自动消失。		100	1	0		54	54													44	43200	43200															
易容面具-银牙	0	11	339	\spr\item\equip\mask\yrmj_02.spr	379	1	1	戴上后即可易容成该NPC的样子，使用时间为零后将会自动消失。		100	1	0		56	56													44	43200	43200															
易容面具-霜刀	0	11	340	\spr\item\equip\mask\yrmj_02.spr	379	1	1	戴上后即可易容成该NPC的样子，使用时间为零后将会自动消失。		100	1	0		57	57													44	43200	43200															
易容面具-冷弓	0	11	341	\spr\item\equip\mask\yrmj_02.spr	379	1	1	戴上后即可易容成该NPC的样子，使用时间为零后将会自动消失。		100	1	0		59	59													44	43200	43200															
易容面具-寒枪	0	11	342	\spr\item\equip\mask\yrmj_02.spr	379	1	1	戴上后即可易容成该NPC的样子，使用时间为零后将会自动消失。		100	1	0		63	63													44	43200	43200															
易容面具-奔雷	0	11	343	\spr\item\equip\mask\yrmj_02.spr	379	1	1	戴上后即可易容成该NPC的样子，使用时间为零后将会自动消失。		100	1	0		94	94													44	43200	43200															
易容面具-独步	0	11	344	\spr\item\equip\mask\yrmj_02.spr	379	1	1	戴上后即可易容成该NPC的样子，使用时间为零后将会自动消失。		100	1	0		109	109													44	43200	43200															
易容面具-降锤	0	11	345	\spr\item\equip\mask\yrmj_02.spr	379	1	1	戴上后即可易容成该NPC的样子，使用时间为零后将会自动消失。		100	1	0		113	113													44	43200	43200															
易容面具-赤掌	0	11	346	\spr\item\equip\mask\yrmj_02.spr	379	1	1	戴上后即可易容成该NPC的样子，使用时间为零后将会自动消失。		100	1	0		134	134													44	43200	43200															
易容面具-狼棒	0	11	347	\spr\item\equip\mask\yrmj_02.spr	379	1	1	戴上后即可易容成该NPC的样子，使用时间为零后将会自动消失。		100	1	0		157	157													44	43200	43200															
易容面具-步嚣尘	0	11	348	\spr\item\equip\mask\yrmj_02.spr	379	1	1	戴上后即可易容成该NPC的样子，使用时间为零后将会自动消失。		100	1	0		851	851													44	43200	43200															
易容面具-乔鼎天	0	11	349	\spr\item\equip\mask\yrmj_02.spr	379	1	1	戴上后即可易容成该NPC的样子，使用时间为零后将会自动消失。		100	1	0		852	852													44	43200	43200															
易容面具-刁易刀	0	11	350	\spr\item\equip\mask\yrmj_02.spr	379	1	1	戴上后即可易容成该NPC的样子，使用时间为零后将会自动消失。		100	1	0		853	853													44	43200	43200															
易容面具-西门无戒	0	11	351	\spr\item\equip\mask\yrmj_02.spr	379	1	1	戴上后即可易容成该NPC的样子，使用时间为零后将会自动消失。		100	1	0		854	854													44	43200	43200															
易容面具-候乞剑	0	11	352	\spr\item\equip\mask\yrmj_02.spr	379	1	1	戴上后即可易容成该NPC的样子，使用时间为零后将会自动消失。		100	1	0		855	855													44	43200	43200															
易容面具-应啸风	0	11	353	\spr\item\equip\mask\yrmj_02.spr	379	1	1	戴上后即可易容成该NPC的样子，使用时间为零后将会自动消失。		100	1	0		856	856													44	43200	43200															
易容面具-袁念夕	0	11	354	\spr\item\equip\mask\yrmj_02.spr	379	1	1	戴上后即可易容成该NPC的样子，使用时间为零后将会自动消失。		100	1	0		857	857													44	43200	43200															
易容面具-褚天悯	0	11	355	\spr\item\equip\mask\yrmj_02.spr	379	1	1	戴上后即可易容成该NPC的样子，使用时间为零后将会自动消失。		100	1	0		858	858													44	43200	43200															
易容面具-%天王%	0	11	356	\spr\item\equip\mask\yrmj_02.spr	379	1	1	戴上后即可易容成该NPC的样子，使用时间为零后将会自动消失。		100	1	0		1193	1193													44	7200	7200															
易容面具-乱世英豪げ	0	11	357	\spr\item\equip\mask\yrmj_02.spr	379	1	1	戴上后即可易容成该NPC的样子，使用时间为零后将会自动消失。		100	1	0		1194	1194													44	7200	7200															
易容面具-追命居士	0	11	358	\spr\item\equip\mask\yrmj_02.spr	379	1	1	戴上后即可易容成该NPC的样子，使用时间为零后将会自动消失。		100	1	0		1195	1195													44	7200	7200															
易容面具-神仙也不过如此	0	11	359	\spr\item\equip\mask\yrmj_02.spr	379	1	1	戴上后即可易容成该NPC的样子，使用时间为零后将会自动消失。		100	1	0		1196	1196													44	7200	7200															
易容面具-鹅战血	0	11	360	\spr\item\equip\mask\yrmj_02.spr	379	1	1	戴上后即可易容成该NPC的样子，使用时间为零后将会自动消失。		100	1	0		1197	1197													44	7200	7200															
易容面具-蝴蝶贝贝	0	11	361	\spr\item\equip\mask\yrmj_02.spr	379	1	1	戴上后即可易容成该NPC的样子，使用时间为零后将会自动消失。		100	1	0		1198	1198													44	7200	7200															
易容面具-玉海楼の勿忘我	0	11	362	\spr\item\equip\mask\yrmj_02.spr	379	1	1	戴上后即可易容成该NPC的样子，使用时间为零后将会自动消失。		100	1	0		1199	1199													44	7200	7200															
易容面具-♂清香々『天忍』	0	11	363	\spr\item\equip\mask\yrmj_02.spr	379	1	1	戴上后即可易容成该NPC的样子，使用时间为零后将会自动消失。		100	1	0		1200	1200													44	7200	7200															
易容面具-古道风	0	11	364	\spr\item\equip\mask\yrmj_02.spr	379	1	1	戴上后即可易容成该NPC的样子，使用时间为零后将会自动消失。		100	1	0		1201	1201													44	7200	7200															
易容面具-惹火的女人	0	11	365	\spr\item\equip\mask\yrmj_02.spr	379	1	1	戴上后即可易容成该NPC的样子，使用时间为零后将会自动消失。		100	1	0		1202	1202													44	7200	7200															
伪装面具	0	11	366	\spr\item\equip\mask\yrmj_03.spr	379	1	1	戴上后获得一个伪装技能，对戴有面具的其他玩家使用，可伪装成对方的样子。		100	1	0		-1	-1													44	1440	1440	187	188682	188682												
VINAGAME_GM	0	11	367	\spr\item\equip\mask\yrmj_02.spr	379	1	1	用于易容术的面具，装备到装备栏中即可变成该NPC的样子。		100	1	0		1204	1204													31	1	1															
TaiwanGAME_GM	0	11	368	\spr\item\equip\mask\yrmj_02.spr	379	1	1	用于易容术的面具，装备到装备栏中即可变成该NPC的样子。		100	1	0		1205	1205													31	1	1															
易容面具-落光	0	11	369	\spr\item\equip\mask\yrmj_02.spr	379	1	1	戴上后即可易容成该NPC的样子，使用时间为零后将会自动消失。		100	1	0		54	54													44	1440	1440															
易容面具-银牙	0	11	370	\spr\item\equip\mask\yrmj_02.spr	379	1	1	戴上后即可易容成该NPC的样子，使用时间为零后将会自动消失。		100	1	0		56	56													44	1440	1440															
易容面具-霜刀	0	11	371	\spr\item\equip\mask\yrmj_02.spr	379	1	1	戴上后即可易容成该NPC的样子，使用时间为零后将会自动消失。		100	1	0		57	57													44	1440	1440															
易容面具-冷弓	0	11	372	\spr\item\equip\mask\yrmj_02.spr	379	1	1	戴上后即可易容成该NPC的样子，使用时间为零后将会自动消失。		100	1	0		59	59													44	1440	1440															
易容面具-寒枪	0	11	373	\spr\item\equip\mask\yrmj_02.spr	379	1	1	戴上后即可易容成该NPC的样子，使用时间为零后将会自动消失。		100	1	0		63	63													44	1440	1440															
易容面具-奔雷	0	11	374	\spr\item\equip\mask\yrmj_02.spr	379	1	1	戴上后即可易容成该NPC的样子，使用时间为零后将会自动消失。		100	1	0		94	94													44	1440	1440															
易容面具-独步	0	11	375	\spr\item\equip\mask\yrmj_02.spr	379	1	1	戴上后即可易容成该NPC的样子，使用时间为零后将会自动消失。		100	1	0		109	109													44	1440	1440															
易容面具-降锤	0	11	376	\spr\item\equip\mask\yrmj_02.spr	379	1	1	戴上后即可易容成该NPC的样子，使用时间为零后将会自动消失。		100	1	0		113	113													44	1440	1440															
易容面具-赤掌	0	11	377	\spr\item\equip\mask\yrmj_02.spr	379	1	1	戴上后即可易容成该NPC的样子，使用时间为零后将会自动消失。		100	1	0		134	134													44	1440	1440															
易容面具-狼棒	0	11	378	\spr\item\equip\mask\yrmj_02.spr	379	1	1	戴上后即可易容成该NPC的样子，使用时间为零后将会自动消失。		100	1	0		157	157													44	1440	1440															
易容面具-张宗正	0	11	379	\spr\item\equip\mask\yrmj_02.spr	379	1	1	戴上后即可易容成该NPC的样子，使用时间为零后将会自动消失。		100	1	0		511	511													44	1440	1440															
易容面具-柳青青	0	11	380	\spr\item\equip\mask\yrmj_02.spr	379	1	1	戴上后即可易容成该NPC的样子，使用时间为零后将会自动消失。		100	1	0		523	523													44	1440	1440															
易容面具-扇客	0	11	381	\spr\item\equip\mask\yrmj_02.spr	379	1	1	戴上后即可易容成该NPC的样子，使用时间为零后将会自动消失。		100	1	0		602	602													44	1440	1440															
易容面具-玄觉大师	0	11	382	\spr\item\equip\mask\yrmj_02.spr	379	1	1	戴上后即可易容成该NPC的样子，使用时间为零后将会自动消失。		100	2	1		740	740													44	1440	1440															
易容面具-龙五	0	11	383	\spr\item\equip\mask\yrmj_02.spr	379	1	1	戴上后即可易容成该NPC的样子，使用时间为零后将会自动消失。		100	1	0		664	664													44	1440	1440															
易容面具-刀双凤	0	11	384	\spr\item\equip\mask\yrmj_02.spr	379	1	1	戴上后即可易容成该NPC的样子，使用时间为零后将会自动消失。		100	1	0		1222	1222													44	7200	7200															
易容面具-慕容燕	0	11	385	\spr\item\equip\mask\yrmj_02.spr	379	1	1	戴上后即可易容成该NPC的样子，使用时间为零后将会自动消失。		100	1	0		1223	1223													44	7200	7200															
易容面具-紫侠	0	11	386	\spr\item\equip\mask\yrmj_02.spr	379	1	1	戴上后即可易容成该NPC的样子，使用时间为零后将会自动消失。		100	1	0		1224	1224													44	7200	7200															
易容面具-白石道长	0	11	387	\spr\item\equip\mask\yrmj_02.spr	379	1	1	戴上后即可易容成该NPC的样子，使用时间为零后将会自动消失。		100	1	0		1225	1225													44	7200	7200															
易容面具-开石大师	0	11	388	\spr\item\equip\mask\yrmj_02.spr	379	1	1	戴上后即可易容成该NPC的样子，使用时间为零后将会自动消失。		100	1	0		1226	1226													44	7200	7200															
易容面具-唐神	0	11	389	\spr\item\equip\mask\yrmj_02.spr	379	1	1	戴上后即可易容成该NPC的样子，使用时间为零后将会自动消失。		100	1	0		1227	1227													44	7200	7200															
易容面具-月遥遥	0	11	390	\spr\item\equip\mask\yrmj_02.spr	379	1	1	戴上后即可易容成该NPC的样子，使用时间为零后将会自动消失。		100	1	0		1228	1228													44	7200	7200															
易容面具-燕赵	0	11	391	\spr\item\equip\mask\yrmj_02.spr	379	1	1	戴上后即可易容成该NPC的样子，使用时间为零后将会自动消失。		100	1	0		1229	1229													44	7200	7200															
易容面具-柳飞烟	0	11	392	\spr\item\equip\mask\yrmj_02.spr	379	1	1	戴上后即可易容成该NPC的样子，使用时间为零后将会自动消失。		100	1	0		1230	1230													44	7200	7200															
易容面具-龙十三爷	0	11	393	\spr\item\equip\mask\yrmj_02.spr	379	1	1	戴上后即可易容成该NPC的样子，使用时间为零后将会自动消失。		100	1	0		1231	1231													44	7200	7200															
易容面具-圣诞老人(红)	0	11	394	\spr\item\equip\mask\yrmj_02.spr	379	1	1	圣诞节日面具，装备到装备栏中即可变成圣诞老人的样子，使用时间为零后将会自动消失。		100	1	0		623	623													44	10080	10080															
易容面具-圣诞天使(红)	0	11	395	\spr\item\equip\mask\yrmj_02.spr	379	1	1	圣诞节日面具，装备到装备栏中即可变成圣诞天使的样子，使用时间为零后将会自动消失。		100	1	0		624	624													44	10080	10080															
易容面具-圣诞精灵(绿)	0	11	396	\spr\item\equip\mask\yrmj_02.spr	379	1	1	戴上后即可易容成该NPC的样子，使用时间为零后将会自动消失。		100	1	0		1121	1121													44	20160	20160															
易容面具-圣诞老人(蓝)	0	11	397	\spr\item\equip\mask\yrmj_02.spr	379	1	1	圣诞节日面具，装备到装备栏中即可变成圣诞老人的样子，使用时间为零后将会自动消失。		100	1	0		1130	1130													44	20160	20160															
易容面具-圣诞老人(粉)	0	11	398	\spr\item\equip\mask\yrmj_02.spr	379	1	1	圣诞节日面具，装备到装备栏中即可变成圣诞老人的样子，使用时间为零后将会自动消失。		100	1	0		1131	1131													44	20160	20160															
易容面具-圣诞老人(白)	0	11	399	\spr\item\equip\mask\yrmj_02.spr	379	1	1	圣诞节日面具，装备到装备栏中即可变成圣诞老人的样子，使用时间为零后将会自动消失。		100	1	0		1132	1132													44	20160	20160															
易容面具-圣诞老人(黄)	0	11	400	\spr\item\equip\mask\yrmj_02.spr	379	1	1	圣诞节日面具，装备到装备栏中即可变成圣诞老人的样子，使用时间为零后将会自动消失。		100	1	0		1133	1133													44	20160	20160															
易容面具-圣诞天使(蓝)	0	11	401	\spr\item\equip\mask\yrmj_02.spr	379	1	1	圣诞节日面具，装备到装备栏中即可变成圣诞天使的样子，使用时间为零后将会自动消失。		100	1	0		1134	1134													44	20160	20160															
易容面具-圣诞天使(粉)	0	11	402	\spr\item\equip\mask\yrmj_02.spr	379	1	1	圣诞节日面具，装备到装备栏中即可变成圣诞天使的样子，使用时间为零后将会自动消失。		100	1	0		1135	1135													44	20160	20160															
易容面具-圣诞天使(白)	0	11	403	\spr\item\equip\mask\yrmj_02.spr	379	1	1	圣诞节日面具，装备到装备栏中即可变成圣诞天使的样子，使用时间为零后将会自动消失。		100	1	0		1136	1136													44	20160	20160															
易容面具-圣诞天使(黄)	0	11	404	\spr\item\equip\mask\yrmj_02.spr	379	1	1	圣诞节日面具，装备到装备栏中即可变成圣诞天使的样子，使用时间为零后将会自动消失。		100	1	0		1137	1137													44	20160	20160															
易容面具-驯鹿	0	11	405	\spr\item\equip\mask\yrmj_02.spr	379	1	1	戴上后即可易容成该NPC的样子，使用时间为零后将会自动消失。		100	1	0		1125	1125													44	20160	20160															
易容面具-新年侠客	0	11	406	\spr\item\equip\mask\yrmj_02.spr	379	1	1	戴上后即可易容成该NPC的样子，使用时间为零后将会自动消失。		100	1	0		1122	1122													44	7200	7200															
易容面具-新年侠女	0	11	407	\spr\item\equip\mask\yrmj_02.spr	379	1	1	戴上后即可易容成该NPC的样子，使用时间为零后将会自动消失。		100	1	0		1123	1123													44	7200	7200															
易容面具-野叟	0	11	408	\spr\item\equip\mask\yrmj_02.spr	379	1	1	戴上后即可易容成该NPC的样子，使用时间为零后将会自动消失。		100	1	0		852	852													44	43200	43200															
易容面具-吉祥宝宝	0	11	409	\spr\item\equip\mask\yrmj_02.spr	379	1	1	戴上后即可易容成该NPC的样子，使用时间为零后将会自动消失。		100	1	0		1249	1249													44	7200	7200															
易容面具-如意宝宝	0	11	410	\spr\item\equip\mask\yrmj_02.spr	379	1	1	戴上后即可易容成该NPC的样子，使用时间为零后将会自动消失。		100	1	0		1250	1250													44	7200	7200															
易容面具-年兽宝宝	0	11	411	\spr\item\equip\mask\yrmj_02.spr	379	1	1	戴上后即可易容成该NPC的样子，使用时间为零后将会自动消失。		100	1	0		1251	1251													44	7200	7200															
易容面具-少年雷剑	0	11	412	\spr\item\equip\mask\yrmj_02.spr	379	1	1	戴上后即可易容成该NPC的样子，使用时间为零后将会自动消失。		100	1	0		1056	1056													44	7200	7200															
易容面具-少年笑霜	0	11	413	\spr\item\equip\mask\yrmj_02.spr	379	1	1	戴上后即可易容成该NPC的样子，使用时间为零后将会自动消失。		100	1	0		1057	1057													44	7200	7200															
易容面具-少年火刃	0	11	414	\spr\item\equip\mask\yrmj_02.spr	379	1	1	戴上后即可易容成该NPC的样子，使用时间为零后将会自动消失。		100	1	0		1058	1058													44	7200	7200															
易容面具-少年海棠	0	11	415	\spr\item\equip\mask\yrmj_02.spr	379	1	1	戴上后即可易容成该NPC的样子，使用时间为零后将会自动消失。		100	1	0		1059	1059													44	7200	7200															
易容面具-少年金锋	0	11	416	\spr\item\equip\mask\yrmj_02.spr	379	1	1	戴上后即可易容成该NPC的样子，使用时间为零后将会自动消失。		100	1	0		1060	1060													44	7200	7200															
易容面具-白城郡主	0	11	417	\spr\item\equip\mask\yrmj_02.spr	379	1	1	戴上后即可易容成该NPC的样子，使用时间为零后将会自动消失。		100	1	0		695	695													44	10080	10080															
易容面具-兰陵公子	0	11	418	\spr\item\equip\mask\yrmj_02.spr	379	1	1	戴上后即可易容成该NPC的样子，使用时间为零后将会自动消失。		100	1	0		696	696													44	10080	10080															
易容面具-秦婆婆	0	11	419	\spr\item\equip\mask\yrmj_02.spr	379	1	1	戴上后即可易容成该NPC的样子，使用时间为零后将会自动消失。		100	1	0		121	121													44	7200	7200															
易容面具-东子	0	11	420	\spr\item\equip\mask\yrmj_02.spr	379	1	1	戴上后即可易容成该NPC的样子，使用时间为零后将会自动消失。		100	1	0		471	471													44	7200	7200															
易容面具-圣诞精灵(蓝)	0	11	421	\spr\item\equip\mask\yrmj_02.spr	379	1	1	戴上后即可易容成该NPC的样子，使用时间为零后将会自动消失。		100	1	0		1126	1126													44	7200	7200															
易容面具-圣诞精灵(紫)	0	11	422	\spr\item\equip\mask\yrmj_02.spr	379	1	1	戴上后即可易容成该NPC的样子，使用时间为零后将会自动消失。		100	1	0		1127	1127													44	7200	7200															
易容面具-圣诞精灵(红)	0	11	423	\spr\item\equip\mask\yrmj_02.spr	379	1	1	戴上后即可易容成该NPC的样子，使用时间为零后将会自动消失。		100	1	0		1128	1128													44	7200	7200															
易容面具-圣诞精灵(黄)	0	11	424	\spr\item\equip\mask\yrmj_02.spr	379	1	1	戴上后即可易容成该NPC的样子，使用时间为零后将会自动消失。		100	1	0		1129	1129													44	7200	7200															
易容面具-黄雪人	0	11	425	\spr\item\equip\mask\yrmj_02.spr	379	1	1	戴上后即可易容成该NPC的样子，使用时间为零后将会自动消失。		100	1	0		1329	1329													44	7200	7200															
易容面具-紫雪人	0	11	426	\spr\item\equip\mask\yrmj_02.spr	379	1	1	戴上后即可易容成该NPC的样子，使用时间为零后将会自动消失。		100	1	0		1330	1330													44	7200	7200															
易容面具-绿雪人	0	11	427	\spr\item\equip\mask\yrmj_02.spr	379	1	1	戴上后即可易容成该NPC的样子，使用时间为零后将会自动消失。		100	1	0		1331	1331													44	7200	7200															
易容面具-古天缺	0	11	428	\spr\item\equip\mask\yrmj_02.spr	379	1	1	戴上后即可易容成该NPC的样子，使用时间为零后将会自动消失。		100	1	0		1310	1310													44	7200	7200															
易容面具-证言	0	11	429	\spr\item\equip\mask\yrmj_02.spr	379	1	1	戴上后即可易容成该NPC的样子，使用时间为零后将会自动消失。		100	1	0		1311	1311													44	7200	7200															
易容面具-照日冕	0	11	430	\spr\item\equip\mask\yrmj_02.spr	379	1	1	戴上后即可易容成该NPC的样子，使用时间为零后将会自动消失。		100	1	0		1312	1312													44	7200	7200															
易容面具-唐昊	0	11	431	\spr\item\equip\mask\yrmj_02.spr	379	1	1	戴上后即可易容成该NPC的样子，使用时间为零后将会自动消失。		100	1	0		1313	1313													44	7200	7200															
易容面具-妙一	0	11	432	\spr\item\equip\mask\yrmj_02.spr	379	1	1	戴上后即可易容成该NPC的样子，使用时间为零后将会自动消失。		100	1	0		1314	1314													44	7200	7200															
易容面具-厉折梅	0	11	433	\spr\item\equip\mask\yrmj_02.spr	379	1	1	戴上后即可易容成该NPC的样子，使用时间为零后将会自动消失。		100	1	0		1315	1315													44	7200	7200															
易容面具-端木离	0	11	434	\spr\item\equip\mask\yrmj_02.spr	379	1	1	戴上后即可易容成该NPC的样子，使用时间为零后将会自动消失。		100	1	0		1316	1316													44	7200	7200															
易容面具-白郎	0	11	435	\spr\item\equip\mask\yrmj_02.spr	379	1	1	戴上后即可易容成该NPC的样子，使用时间为零后将会自动消失。		100	1	0		1317	1317													44	7200	7200															
易容面具-秦晓书	0	11	436	\spr\item\equip\mask\yrmj_02.spr	379	1	1	戴上后即可易容成该NPC的样子，使用时间为零后将会自动消失。		100	1	0		1318	1318													44	7200	7200															
易容面具-凌霄子	0	11	437	\spr\item\equip\mask\yrmj_02.spr	379	1	1	戴上后即可易容成该NPC的样子，使用时间为零后将会自动消失。		100	1	0		1319	1319													44	7200	7200															
易容面具-梁媚儿	0	11	438	\spr\item\equip\mask\yrmj_02.spr	379	1	1	戴上后即可易容成该NPC的样子，使用时间为零后将会自动消失。		100	1	0		1309	1309													44	7200	7200															
易容面具-青年雷剑	0	11	439	\spr\item\equip\mask\yrmj_02.spr	379	1	1	戴上后即可易容成该NPC的样子，使用时间为零后将会自动消失。		100	1	0		1043	1043													44	7200	7200															
易容面具-青年笑霜	0	11	440	\spr\item\equip\mask\yrmj_02.spr	379	1	1	戴上后即可易容成该NPC的样子，使用时间为零后将会自动消失。		100	1	0		1044	1044													44	7200	7200															
易容面具-青年海棠	0	11	441	\spr\item\equip\mask\yrmj_02.spr	379	1	1	戴上后即可易容成该NPC的样子，使用时间为零后将会自动消失。		100	1	0		1046	1046													44	7200	7200															
节日面具-大头娃娃	0	11	442	\spr\item\equip\mask\yrmj_02.spr	379	1	1	新春面具，戴上之后，可以装扮成舞扇子的大头娃娃，使用时间为零后将会自动消失。		100	1	0		726	726													44	7200	7200															
易容面具-龙老虎	0	11	443	\spr\item\equip\mask\yrmj_02.spr	379	1	1	戴上后即可易容成该NPC的样子，使用时间为零后将会自动消失。		100	1	0		1382	1382													44	7200	7200															
易容面具-苍邂逅	0	11	444	\spr\item\equip\mask\yrmj_02.spr	379	1	1	戴上后即可易容成该NPC的样子，使用时间为零后将会自动消失。		100	1	0		1383	1383													44	7200	7200															
易容面具-春牛	0	11	445	\spr\item\equip\mask\yrmj_02.spr	379	1	1	戴上后即可易容成该NPC的样子，使用时间为零后将会自动消失。		100	1	0		1397	1397													44	7200	7200															
节日面具-大将军	0	11	446	\spr\item\equip\mask\yrmj_01.spr	379	1	1	戴上后即可易容成该NPC的样子，使用时间为零后将会自动消失。		0	1	0		746	746													31	1	1															
易容面具-元帅	0	11	447	\spr\item\equip\mask\yrmj_04.spr	379	1	1	武林至尊		0	1	0		1241	1241													44	60	60				36	50										
易容面具-嫦娥	0	11	448	\spr\item\equip\mask\yrmj_02.spr	379	1	1	带上这个面具，就能化妆成嫦娥的样子。		0	1	0		1456	1456													44	7200	7200															
易容面具-后羿	0	11	449	\spr\item\equip\mask\yrmj_02.spr	379	1	1	带上这个面具，就能化妆成后羿的样子。		0	1	0		1457	1457													44	7200	7200															
节日面具-大将军	0	11	450	\spr\item\equip\mask\yrmj_01.spr	379	1	1	戴上后即可易容成该NPC的样子，使用时间为零后将会自动消失。		0	1	0		746	746													31	24	24															
易容面具-火云虎	0	11	451	\spr\item\equip\mask\yrmj_02.spr	379	1	1	戴上后即可易容成该NPC的样子，使用时间为零后将会自动消失。		100	1	0		1	1													44	1440	1440															
易容面具-火狼	0	11	452	\spr\item\equip\mask\yrmj_02.spr	379	1	1	戴上后即可易容成该NPC的样子，使用时间为零后将会自动消失。		100	1	0		6	6													44	1440	1440															
易容面具-山贼头目	0	11	453	\spr\item\equip\mask\yrmj_02.spr	379	1	1	戴上后即可易容成该NPC的样子，使用时间为零后将会自动消失。		100	1	0		870	870													44	1440	1440															
易容面具-久命	0	11	454	\spr\item\equip\mask\yrmj_02.spr	379	1	1	戴上后即可易容成该NPC的样子，使用时间为零后将会自动消失。		0	1	0				85	500	500																											
易容面具-鬼影	0	11	455	\spr\item\equip\mask\yrmj_02.spr	379	1	1	戴上后即可易容成该NPC的样子，使用时间为零后将会自动消失。		0	1	0				111	20	20																											
易容面具-圣诞舞娘	0	11	456	\spr\item\equip\mask\yrmj_02.spr	379	1	1	戴上后即可易容成该NPC的样子，使用时间为零后将会自动消失。		0	1	0		1504	1504																														
易容面具-圣诞企鹅	0	11	457	\spr\item\equip\mask\yrmj_02.spr	379	1	1	戴上后即可易容成该NPC的样子，使用时间为零后将会自动消失。		0	1	0		1503	1503																														
易容面具-圣诞雪熊	0	11	458	\spr\item\equip\mask\yrmj_02.spr	379	1	1	戴上后即可易容成该NPC的样子，使用时间为零后将会自动消失。		0	1	0		1502	1502																														
易容面具-林野醉清风	0	11	459	\spr\item\equip\mask\yrmj_02.spr	379	1	1	虎年情侣面具，戴上后即可易容成身着虎皮狩猎装、英姿飒爽的侠客形象。		0	1	0		1538	1538																														
易容面具-山间笑红尘	0	11	460	\spr\item\equip\mask\yrmj_02.spr	379	1	1	虎年情侣面具，戴上后即可易容成身着虎皮狩猎装、妩媚矫健的侠女形象。		0	1	0		1539	1539																														
易容面具-至尊武林侠少	0	11	461	\spr\item\equip\mask\yrmj_02.spr	379	1	1	剑网VIP专用		0	1	0		1542	1542																														
易容面具-至尊武林侠女	0	11	462	\spr\item\equip\mask\yrmj_02.spr	379	1	1	剑网VIP专用		0	1	0		1543	1543																														
易容面具-紫端（久命）	0	11	463	\spr\item\equip\mask\yrmj_02.spr	379	1	1	戴上后即可易容成该NPC的样子，使用时间为零后将会自动消失。		0	1	0		1569	1569	85	1000	1000																											
易容面具-紫舞（久命）	0	11	464	\spr\item\equip\mask\yrmj_02.spr	379	1	1	戴上后即可易容成该NPC的样子，使用时间为零后将会自动消失。		0	1	0		1570	1570	85	1000	1000																											
易容面具-紫端（长功）	0	11	465	\spr\item\equip\mask\yrmj_02.spr	379	1	1	戴上后即可易容成该NPC的样子，使用时间为零后将会自动消失。		0	1	0		1569	1569	89	1000	1000																											
易容面具-紫舞（长功）	0	11	466	\spr\item\equip\mask\yrmj_02.spr	379	1	1	戴上后即可易容成该NPC的样子，使用时间为零后将会自动消失。		0	1	0		1570	1570	89	1000	1000																											
易容面具-紫端（坚韧）	0	11	467	\spr\item\equip\mask\yrmj_02.spr	379	1	1	戴上后即可易容成该NPC的样子，使用时间为零后将会自动消失。		0	1	0		1569	1569	114	10	10																											
易容面具-紫舞（坚韧）	0	11	468	\spr\item\equip\mask\yrmj_02.spr	379	1	1	戴上后即可易容成该NPC的样子，使用时间为零后将会自动消失。		0	1	0		1570	1570	114	10	10																											
易容面具-古船	0	11	469	\spr\item\equip\mask\yrmj_02.spr	379	1	1	戴上后即可易容成该NPC的样子，使用时间为零后将会自动消失。		0	1	0		1572	1572	85	300	300	121	25	25	172	25	25	169	500	500	170	500	500	171	500	500												
易容面具-长袍	0	11	470	\spr\item\equip\mask\yrmj_02.spr	379	1	1	戴上后即可易容成该NPC的样子，使用时间为零后将会自动消失。		0	1	0		1573	1573	85	300	300	121	25	25	172	25	25	169	500	500	170	500	500	171	500	500												
易容面具-剑风（久命）	0	11	471	\spr\item\equip\mask\yrmj_02.spr	379	1	1	戴上后即可易容成该NPC的样子，使用时间为零后将会自动消失。		0	1	0		1582	1582	85	1000	1000																											
易容面具-云霞（久命）	0	11	472	\spr\item\equip\mask\yrmj_02.spr	379	1	1	戴上后即可易容成该NPC的样子，使用时间为零后将会自动消失。		0	1	0		1583	1583	85	1000	1000																											
易容面具-剑风（长功）	0	11	473	\spr\item\equip\mask\yrmj_02.spr	379	1	1	戴上后即可易容成该NPC的样子，使用时间为零后将会自动消失。		0	1	0		1582	1582	89	1000	1000																											
易容面具-云霞（长功）	0	11	474	\spr\item\equip\mask\yrmj_02.spr	379	1	1	戴上后即可易容成该NPC的样子，使用时间为零后将会自动消失。		0	1	0		1583	1583	89	1000	1000																											
易容面具-剑风（坚韧）	0	11	475	\spr\item\equip\mask\yrmj_02.spr	379	1	1	戴上后即可易容成该NPC的样子，使用时间为零后将会自动消失。		0	1	0		1582	1582	114	10	10																											
易容面具-云霞（坚韧）	0	11	476	\spr\item\equip\mask\yrmj_02.spr	379	1	1	戴上后即可易容成该NPC的样子，使用时间为零后将会自动消失。		0	1	0		1583	1583	114	10	10																											
易容面具-白城郡主	0	11	477	\spr\item\equip\mask\yrmj_02.spr	379	1	1	戴上后即可易容成该NPC的样子，使用时间为零后将会自动消失。		0	1	0		695	695													44	7200	7200															
易容面具-兰陵公子	0	11	478	\spr\item\equip\mask\yrmj_02.spr	379	1	1	戴上后即可易容成该NPC的样子，使用时间为零后将会自动消失。		0	1	0		696	696													44	7200	7200															
易容面具-长攻	0	11	479	\spr\item\equip\mask\yrmj_02.spr	379	1	1	戴上后即可易容成该NPC的样子，使用时间为零后将会自动消失。		0	1	0																																	
易容面具-坚强	0	11	480	\spr\item\equip\mask\yrmj_02.spr	379	1	1	戴上后即可易容成该NPC的样子，使用时间为零后将会自动消失。		0	1	0																																	
易容面具-武林至尊（废弃）	0	11	481	\spr\item\equip\mask\yrmj_02.spr	379	1	1	戴上后即可获得强大的武力		0	1	0		131	131																														
易容面具-战场英雄	0	11	482	\spr\item\equip\mask\yrmj_02.spr	379	1	1	戴上后参与宋金战场可获得更多的宋金积分		0	1	0																																	
易容面具-元旦天使(红)	0	11	483	\spr\item\equip\mask\yrmj_02.spr	379	1	1	戴上后即可易容成该NPC的样子，使用时间为零后将会自动消失。		0	1	0		624	624													44																	
易容面具-元旦天使(黄)	0	11	484	\spr\item\equip\mask\yrmj_02.spr	379	1	1	戴上后即可易容成该NPC的样子，使用时间为零后将会自动消失。		0	1	0		1137	1137													44																	
易容面具-元旦天使(蓝)	0	11	485	\spr\item\equip\mask\yrmj_02.spr	379	1	1	戴上后即可易容成该NPC的样子，使用时间为零后将会自动消失。		0	1	0		1134	1134													44																	
易容面具-元旦老人(红)	0	11	486	\spr\item\equip\mask\yrmj_02.spr	379	1	1	戴上后即可易容成该NPC的样子，使用时间为零后将会自动消失。		0	1	0		623	623													44																	
易容面具-元旦老人(黄)	0	11	487	\spr\item\equip\mask\yrmj_02.spr	379	1	1	戴上后即可易容成该NPC的样子，使用时间为零后将会自动消失。		0	1	0		1133	1133													44																	
易容面具-元旦老人(蓝)	0	11	488	\spr\item\equip\mask\yrmj_02.spr	379	1	1	戴上后即可易容成该NPC的样子，使用时间为零后将会自动消失。		0	1	0		1130	1130													44																	
易容面具-元旦精灵(红)	0	11	489	\spr\item\equip\mask\yrmj_02.spr	379	1	1	戴上后即可易容成该NPC的样子，使用时间为零后将会自动消失。		0	1	0		1128	1128													44																	
易容面具-元旦精灵(黄)	0	11	490	\spr\item\equip\mask\yrmj_02.spr	379	1	1	戴上后即可易容成该NPC的样子，使用时间为零后将会自动消失。		0	1	0		1129	1129													44																	
易容面具-元旦精灵(蓝)	0	11	491	\spr\item\equip\mask\yrmj_02.spr	379	1	1	戴上后即可易容成该NPC的样子，使用时间为零后将会自动消失。		0	1	0		1126	1126													44																	
易容面具-至尊武林侠少	0	11	492	\spr\item\equip\mask\yrmj_02.spr	379	1	1	戴上后即可易容成该NPC的样子，使用时间为零后将会自动消失。		0	1	0		1668	1668													44																	
易容面具-至尊武林侠女	0	11	493	\spr\item\equip\mask\yrmj_02.spr	379	1	1	戴上后即可易容成该NPC的样子，使用时间为零后将会自动消失。		0	1	0		1669	1669													44																	
扶桑面罩	0	11	494	\spr\item\equip\mask\yrmj_02.spr	379	1	1	据说这是各个隐者扶桑伪装秘传的面具。		0	1	0				256	1	1																											
侠客面	0	11	495	\spr\item\equip\mask\yrmj_02.spr	379	1	1	各个镖局的总镖头常用来防止刺客。		0	1	0				257	1	1																											
易容面具-白莹莹	0	11	496	\spr\item\equip\mask\yrmj_02.spr	379	1	1	戴上后即可易容成该NPC的样子		0	1	0		742	742	245	10	10	106	10	10	108	10	10	110	10	10				111	10	10												
易容面具-白城郡主	0	11	497	\spr\item\equip\mask\yrmj_02.spr	379	1	1	戴上后即可易容成该NPC的样子		0	1	0		695	695	245	10	10	106	10	10	108	10	10	110	10	10				111	10	10												
易容面具-钟灵秀	0	11	498	\spr\item\equip\mask\yrmj_02.spr	379	1	1	戴上后即可易容成该NPC的样子		0	1	0		567	567	245	10	10	106	10	10	108	10	10	110	10	10				111	10	10												
易容面具-古柏	0	11	499	\spr\item\equip\mask\yrmj_02.spr	379	1	1	戴上后即可易容成该NPC的样子		0	1	0		566	566	245	10	10	106	10	10	108	10	10	110	10	10				111	10	10												
易容面具-刀双凤	0	11	500	\spr\item\equip\mask\yrmj_02.spr	379	1	1	戴上后即可易容成该NPC的样子		0	1	0		1222	1222	245	10	10	106	10	10	108	10	10	110	10	10				111	10	10												
易容面具-道清真人	0	11	501	\spr\item\equip\mask\yrmj_02.spr	379	1	1	戴上后即可易容成该NPC的样子		0	1	0		562	562	245	10	10	106	10	10	108	10	10	110	10	10				111	10	10												
易容面具-妙如	0	11	502	\spr\item\equip\mask\yrmj_02.spr	379	1	1	戴上后即可易容成该NPC的样子		0	1	0		513	513	245	10	10	106	10	10	108	10	10	110	10	10				111	10	10												
易容面具-端木睿	0	11	503	\spr\item\equip\mask\yrmj_02.spr	379	1	1	戴上后即可易容成该NPC的样子		0	1	0		565	565	245	10	10	106	10	10	108	10	10	110	10	10				111	10	10												
易容面具-东子	0	11	504	\spr\item\equip\mask\yrmj_02.spr	379	1	1	戴上后即可易容成该NPC的样子		0	1	0		471	471	245	10	10	106	10	10	108	10	10	110	10	10				111	10	10												
易容面具-唐不染	0	11	505	\spr\item\equip\mask\yrmj_02.spr	379	1	1	戴上后即可易容成该NPC的样子		0	1	0		741	741	245	10	10	106	10	10	108	10	10	110	10	10				111	10	10												
易容面具-唐神	0	11	506	\spr\item\equip\mask\yrmj_02.spr	379	1	1	戴上后即可易容成该NPC的样子		0	1	0		1227	1227	245	10	10	106	10	10	108	10	10	110	10	10				111	10	10												
易容面具-唐天心	0	11	507	\spr\item\equip\mask\yrmj_02.spr	379	1	1	戴上后即可易容成该NPC的样子		0	1	0		1140	1140	245	10	10	106	10	10	108	10	10	110	10	10				111	10	10												
易容面具-耶律辟离	0	11	508	\spr\item\equip\mask\yrmj_02.spr	379	1	1	戴上后即可易容成该NPC的样子		0	1	0		563	563	245	10	10	106	10	10	108	10	10	110	10	10				111	10	10												
易容面具-何怜飘	0	11	509	\spr\item\equip\mask\yrmj_02.spr	379	1	1	戴上后即可易容成该NPC的样子		0	1	0		568	568	245	10	10	106	10	10	108	10	10	110	10	10				111	10	10												
易容面具-何人我	0	11	510	\spr\item\equip\mask\yrmj_02.spr	379	1	1	戴上后即可易容成该NPC的样子		0	1	0		745	745	245	10	10	106	10	10	108	10	10	110	10	10				111	10	10												
易容面具-夏诚	0	11	511	\spr\item\equip\mask\yrmj_02.spr	379	1	1	戴上后即可易容成该NPC的样子		0	1	0		1138	1138	245	10	10	106	10	10	108	10	10	110	10	10				111	10	10												
易容面具-白猪	0	11	512	\spr\item\equip\mask\yrmj_02.spr	379	1	1	戴上后即可易容成该NPC的样子		0	1	0		43	43	245	10	10	106	10	10	108	10	10	110	10	10				111	10	10												
易容面具-梅花鹿	0	11	513	\spr\item\equip\mask\yrmj_02.spr	379	1	1	戴上后即可易容成该NPC的样子		0	1	0		42	42	245	10	10	106	10	10	108	10	10	110	10	10				111	10	10												
易容面具-玄觉大师	0	11	514	\spr\item\equip\mask\yrmj_02.spr	379	1	1	戴上后即可易容成该NPC的样子		0	1	0		740	740	245	10	10	106	10	10	108	10	10	110	10	10				111	10	10												
易容面具-兰陵公子	0	11	515	\spr\item\equip\mask\yrmj_02.spr	379	1	1	戴上后即可易容成该NPC的样子		0	1	0		696	696	245	10	10	106	10	10	108	10	10	110	10	10				111	10	10												
易容面具-蓝伊伊	0	11	516	\spr\item\equip\mask\yrmj_02.spr	379	1	1	戴上后即可易容成该NPC的样子		0	1	0		582	582	245	10	10	106	10	10	108	10	10	110	10	10				111	10	10												
易容面具-柳飞烟	0	11	517	\spr\item\equip\mask\yrmj_02.spr	379	1	1	戴上后即可易容成该NPC的样子		0	1	0		1230	1230	245	10	10	106	10	10	108	10	10	110	10	10				111	10	10												
易容面具-柳青青	0	11	518	\spr\item\equip\mask\yrmj_02.spr	379	1	1	戴上后即可易容成该NPC的样子		0	1	0		523	523	245	10	10	106	10	10	108	10	10	110	10	10				111	10	10												
易容面具-龙十三爷	0	11	519	\spr\item\equip\mask\yrmj_02.spr	379	1	1	戴上后即可易容成该NPC的样子		0	1	0		1231	1231	245	10	10	106	10	10	108	10	10	110	10	10				111	10	10												
易容面具-孟沧浪	0	11	520	\spr\item\equip\mask\yrmj_02.spr	379	1	1	戴上后即可易容成该NPC的样子		0	1	0		583	583	245	10	10	106	10	10	108	10	10	110	10	10				111	10	10												
易容面具-慕容燕	0	11	521	\spr\item\equip\mask\yrmj_02.spr	379	1	1	戴上后即可易容成该NPC的样子		0	1	0		1223	1223	245	10	10	106	10	10	108	10	10	110	10	10				111	10	10												
易容面具-月遥遥	0	11	522	\spr\item\equip\mask\yrmj_02.spr	379	1	1	戴上后即可易容成该NPC的样子		0	1	0		1228	1228	245	10	10	106	10	10	108	10	10	110	10	10				111	10	10												
易容面具-扇客	0	11	523	\spr\item\equip\mask\yrmj_02.spr	379	1	1	戴上后即可易容成该NPC的样子		0	1	0		602	602	245	10	10	106	10	10	108	10	10	110	10	10				111	10	10												
易容面具-新年侠客	0	11	524	\spr\item\equip\mask\yrmj_02.spr	379	1	1	戴上后即可易容成该NPC的样子		0	1	0		1122	1122	245	10	10	106	10	10	108	10	10	110	10	10				111	10	10												
易容面具-新年侠女	0	11	525	\spr\item\equip\mask\yrmj_02.spr	379	1	1	戴上后即可易容成该NPC的样子		0	1	0		1123	1123	245	10	10	106	10	10	108	10	10	110	10	10				111	10	10												
易容面具-青年海棠	0	11	526	\spr\item\equip\mask\yrmj_02.spr	379	1	1	戴上后即可易容成该NPC的样子		0	1	0		1046	1046	245	10	10	106	10	10	108	10	10	110	10	10				111	10	10												
易容面具-成年海棠	0	11	527	\spr\item\equip\mask\yrmj_02.spr	379	1	1	戴上后即可易容成该NPC的样子		0	1	0		1064	1064	245	10	10	106	10	10	108	10	10	110	10	10				111	10	10												
易容面具-青年火刃	0	11	528	\spr\item\equip\mask\yrmj_02.spr	379	1	1	戴上后即可易容成该NPC的样子		0	1	0		1045	1045	245	10	10	106	10	10	108	10	10	110	10	10				111	10	10												
易容面具-成年火刃	0	11	529	\spr\item\equip\mask\yrmj_02.spr	379	1	1	戴上后即可易容成该NPC的样子		0	1	0		1063	1063	245	10	10	106	10	10	108	10	10	110	10	10				111	10	10												
易容面具-青年金锋	0	11	530	\spr\item\equip\mask\yrmj_02.spr	379	1	1	戴上后即可易容成该NPC的样子		0	1	0		1047	1047	245	10	10	106	10	10	108	10	10	110	10	10				111	10	10												
易容面具-成年金锋	0	11	531	\spr\item\equip\mask\yrmj_02.spr	379	1	1	戴上后即可易容成该NPC的样子		0	1	0		1065	1065	245	10	10	106	10	10	108	10	10	110	10	10				111	10	10												
易容面具-青年雷剑	0	11	532	\spr\item\equip\mask\yrmj_02.spr	379	1	1	戴上后即可易容成该NPC的样子		0	1	0		1043	1043	245	10	10	106	10	10	108	10	10	110	10	10				111	10	10												
易容面具-成年雷剑	0	11	533	\spr\item\equip\mask\yrmj_02.spr	379	1	1	戴上后即可易容成该NPC的样子		0	1	0		1061	1061	245	10	10	106	10	10	108	10	10	110	10	10				111	10	10												
易容面具-青年笑霜	0	11	534	\spr\item\equip\mask\yrmj_02.spr	379	1	1	戴上后即可易容成该NPC的样子		0	1	0		1044	1044	245	10	10	106	10	10	108	10	10	110	10	10				111	10	10												
易容面具-成年笑霜	0	11	535	\spr\item\equip\mask\yrmj_02.spr	379	1	1	戴上后即可易容成该NPC的样子		0	1	0		1062	1062	245	10	10	106	10	10	108	10	10	110	10	10				111	10	10												
易容面具-清绝师太	0	11	536	\spr\item\equip\mask\yrmj_02.spr	379	1	1	戴上后即可易容成该NPC的样子		0	1	0		743	743	245	10	10	106	10	10	108	10	10	110	10	10				111	10	10												
易容面具-少年海棠	0	11	537	\spr\item\equip\mask\yrmj_02.spr	379	1	1	戴上后即可易容成该NPC的样子		0	1	0		1059	1059	245	10	10	106	10	10	108	10	10	110	10	10				111	10	10												
易容面具-少年火刃	0	11	538	\spr\item\equip\mask\yrmj_02.spr	379	1	1	戴上后即可易容成该NPC的样子		0	1	0		1058	1058	245	10	10	106	10	10	108	10	10	110	10	10				111	10	10												
易容面具-少年金锋	0	11	539	\spr\item\equip\mask\yrmj_02.spr	379	1	1	戴上后即可易容成该NPC的样子		0	1	0		1060	1060	245	10	10	106	10	10	108	10	10	110	10	10				111	10	10												
易容面具-少年雷剑	0	11	540	\spr\item\equip\mask\yrmj_02.spr	379	1	1	戴上后即可易容成该NPC的样子		0	1	0		1056	1056	245	10	10	106	10	10	108	10	10	110	10	10				111	10	10												
易容面具-少年笑霜	0	11	541	\spr\item\equip\mask\yrmj_02.spr	379	1	1	戴上后即可易容成该NPC的样子		0	1	0		1057	1057	245	10	10	106	10	10	108	10	10	110	10	10				111	10	10												
易容面具-苏词馨	0	11	542	\spr\item\equip\mask\yrmj_02.spr	379	1	1	戴上后即可易容成该NPC的样子		0	1	0		1139	1139	245	10	10	106	10	10	108	10	10	110	10	10				111	10	10												
易容面具-张宗正	0	11	543	\spr\item\equip\mask\yrmj_02.spr	379	1	1	戴上后即可易容成该NPC的样子		0	1	0		511	511	245	10	10	106	10	10	108	10	10	110	10	10				111	10	10												
易容面具-紫侠	0	11	544	\spr\item\equip\mask\yrmj_02.spr	379	1	1	戴上后即可易容成该NPC的样子		0	1	0		1224	1224	245	10	10	106	10	10	108	10	10	110	10	10				111	10	10												
易容面具-璇玑子	0	11	545	\spr\item\equip\mask\yrmj_02.spr	379	1	1	戴上后即可易容成该NPC的样子		0	1	0		747	747	245	10	10	106	10	10	108	10	10	110	10	10				111	10	10												
易容面具-亚洲象	0	11	546	\spr\item\equip\mask\yrmj_02.spr	379	1	1	戴上后即可易容成该NPC的样子		0	1	0		13	13	245	10	10	106	10	10	108	10	10	110	10	10				111	10	10												
易容面具-黄河象	0	11	547	\spr\item\equip\mask\yrmj_02.spr	379	1	1	戴上后即可易容成该NPC的样子		0	1	0		14	14	245	10	10	106	10	10	108	10	10	110	10	10				111	10	10												
易容面具-王佐	0	11	548	\spr\item\equip\mask\yrmj_02.spr	379	1	1	戴上后即可易容成该NPC的样子		0	1	0		739	739	245	10	10	106	10	10	108	10	10	110	10	10				111	10	10												
易容面具-嫣晓倩	0	11	549	\spr\item\equip\mask\yrmj_02.spr	379	1	1	戴上后即可易容成该NPC的样子		0	1	0		744	744	245	10	10	106	10	10	108	10	10	110	10	10				111	10	10												
易容面具-燕赵	0	11	550	\spr\item\equip\mask\yrmj_02.spr	379	1	1	戴上后即可易容成该NPC的样子		0	1	0		1229	1229	245	10	10	106	10	10	108	10	10	110	10	10				111	10	10												
易容面具-照日冕	0	11	551	\spr\item\equip\mask\yrmj_02.spr	379	1	1	戴上后即可易容成该NPC的样子		0	1	0		1312	1312	245	10	10	106	10	10	108	10	10	110	10	10				111	10	10												
易容面具-妙一	0	11	552	\spr\item\equip\mask\yrmj_02.spr	379	1	1	戴上后即可易容成该NPC的样子		0	1	0		1314	1314	245	10	10	106	10	10	108	10	10	110	10	10				111	10	10												
易容面具-端木离	0	11	553	\spr\item\equip\mask\yrmj_02.spr	379	1	1	戴上后即可易容成该NPC的样子		0	1	0		1316	1316	245	10	10	106	10	10	108	10	10	110	10	10				111	10	10												
易容面具-唐昊	0	11	554	\spr\item\equip\mask\yrmj_02.spr	379	1	1	戴上后即可易容成该NPC的样子		0	1	0		1313	1313	245	10	10	106	10	10	108	10	10	110	10	10				111	10	10												
易容面具-嫦娥	0	11	555	\spr\item\equip\mask\yrmj_02.spr	379	1	1	戴上后即可易容成该NPC的样子		0	1	0		1456	1456	245	10	10	106	10	10	108	10	10	110	10	10				111	10	10												
易容面具-凌霄子	0	11	556	\spr\item\equip\mask\yrmj_02.spr	379	1	1	戴上后即可易容成该NPC的样子		0	1	0		1319	1319	245	10	10	106	10	10	108	10	10	110	10	10				111	10	10												
易容面具-厉折梅	0	11	557	\spr\item\equip\mask\yrmj_02.spr	379	1	1	戴上后即可易容成该NPC的样子		0	1	0		1315	1315	245	10	10	106	10	10	108	10	10	110	10	10				111	10	10												
易容面具-春牛	0	11	558	\spr\item\equip\mask\yrmj_02.spr	379	1	1	戴上后即可易容成该NPC的样子		0	1	0		1397	1397	245	10	10	106	10	10	108	10	10	110	10	10				111	10	10												
易容面具-龙九天	0	11	559	\spr\item\equip\mask\yrmj_02.spr	379	1	1	戴上后即可易容成该NPC的样子		0	1	0		1625	1625																														
易容面具-龙九天（变身）	0	11	560	\spr\item\equip\mask\yrmj_02.spr	379	1	1	戴上后即可易容成该NPC的样子		0	1	0		1657	1657																														
王假面具	0	11	561	\spr\item\equip\mask\yrmj_02.spr	379	1	1	带上以后会获得盖世武功		0	1	0				139	1	1																											
易容面具-战龙煌甲(男)	0	11	562	\spr\item\equip\mask\yrmj_02.spr	379	1	1	戴上后即可易容成该NPC的样子		0	1	0		1885	1885																														
易容面具-战龙煌甲(女)	0	11	563	\spr\item\equip\mask\yrmj_02.spr	379	1	1	戴上后即可易容成该NPC的样子		0	1	0		1886	1886																														
易容面具-胡斐	0	11	564	\spr\item\equip\mask\yrmj_02.spr	379	1	1	戴上后即可易容成该NPC的样子，使用时间为零后将会自动消失。		0	1	0		2010	2010																														
易容面具-苗若兰	0	11	565	\spr\item\equip\mask\yrmj_02.spr	379	1	1	戴上后即可易容成该NPC的样子，使用时间为零后将会自动消失。		0	1	0		2011	2011																														
面具-赵敏	0	11	566	\spr\item\equip\mask\yrmj_02.spr	379	1	1	戴上后即可易容成该NPC的样子		0	1	0		1314	1314	121	50	50	243	10	10																								
面具-乔峰	0	11	567	\spr\item\equip\mask\yrmj_02.spr	379	1	1	戴上后即可易容成该NPC的样子		0	1	0		1065	1065	121	50	50	243	10	10																								
面具-任盈盈	0	11	568	\spr\item\equip\mask\yrmj_02.spr	379	1	1	戴上后即可易容成该NPC的样子		0	1	0		1123	1123	172	500	500	243	10	10																								
面具-周芷若	0	11	569	\spr\item\equip\mask\yrmj_02.spr	379	1	1	戴上后即可易容成该NPC的样子		0	1	0		1044	1044	172	500	500	243	10	10																								
面具-小龙女	0	11	570	\spr\item\equip\mask\yrmj_02.spr	379	1	1	戴上后即可易容成该NPC的样子		0	1	0		1062	1062	169	500	500	243	10	10																								
面具-郭襄	0	11	571	\spr\item\equip\mask\yrmj_02.spr	379	1	1	戴上后即可易容成该NPC的样子		0	1	0		1046	1046	169	500	500	243	10	10																								
面具-黄蓉	0	11	572	\spr\item\equip\mask\yrmj_02.spr	379	1	1	戴上后即可易容成该NPC的样子		0	1	0		1224	1224	170	500	500	243	10	10																								
面具-郭靖	0	11	573	\spr\item\equip\mask\yrmj_02.spr	379	1	1	戴上后即可易容成该NPC的样子		0	1	0		1061	1061	170	500	500	243	10	10																								
面具-张无忌	0	11	574	\spr\item\equip\mask\yrmj_02.spr	379	1	1	戴上后即可易容成该NPC的样子		0	1	0		1043	1043	171	500	500	243	10	10																								
面具-张三丰	0	11	575	\spr\item\equip\mask\yrmj_02.spr	379	1	1	戴上后即可易容成该NPC的样子		0	1	0		746	746	171	500	500	243	10	10																								
面具-玉兔	0	11	576	\spr\item\equip\mask\yrmj_02.spr	379	1	1	戴上后即可易容成该NPC的样子		0	1	0		1124	1124	121	50	50	243	10	10																								
面具-麒麟	0	11	577	\spr\item\equip\mask\yrmj_02.spr	379	1	1	戴上后即可易容成该NPC的样子		0	1	0		1251	1251	121	50	50	243	10	10																								
拳少林-初窥门径	0	11	578	\spr\item\equip\mask\yrmj_01.spr	379	1	1	戴上后即可易容成该NPC的样子，并获得少量的属性能力提升。		100	1	0		1311	1311																														
棍少林-初窥门径	0	11	579	\spr\item\equip\mask\yrmj_01.spr	379	1	1	戴上后即可易容成该NPC的样子，并获得少量的属性能力提升。		100	1	0		1311	1311																														
刀少林-初窥门径	0	11	580	\spr\item\equip\mask\yrmj_01.spr	379	1	1	戴上后即可易容成该NPC的样子，并获得少量的属性能力提升。		100	1	0		1311	1311																														
刀天王-初窥门径	0	11	581	\spr\item\equip\mask\yrmj_01.spr	379	1	1	戴上后即可易容成该NPC的样子，并获得少量的属性能力提升。		100	1	0		1310	1310																														
锤天王-初窥门径	0	11	582	\spr\item\equip\mask\yrmj_01.spr	379	1	1	戴上后即可易容成该NPC的样子，并获得少量的属性能力提升。		100	1	0		1310	1310																														
枪天王-初窥门径	0	11	583	\spr\item\equip\mask\yrmj_01.spr	379	1	1	戴上后即可易容成该NPC的样子，并获得少量的属性能力提升。		100	1	0		1310	1310																														
剑峨眉-初窥门径	0	11	584	\spr\item\equip\mask\yrmj_01.spr	379	1	1	戴上后即可易容成该NPC的样子，并获得少量的属性能力提升。		100	1	0		1314	1314																														
掌峨眉-初窥门径	0	11	585	\spr\item\equip\mask\yrmj_01.spr	379	1	1	戴上后即可易容成该NPC的样子，并获得少量的属性能力提升。		100	1	0		1314	1314																														
刀翠烟-初窥门径	0	11	586	\spr\item\equip\mask\yrmj_01.spr	379	1	1	戴上后即可易容成该NPC的样子，并获得少量的属性能力提升。		100	1	0		1315	1315																														
内翠烟-初窥门径	0	11	587	\spr\item\equip\mask\yrmj_01.spr	379	1	1	戴上后即可易容成该NPC的样子，并获得少量的属性能力提升。		100	1	0		1315	1315																														
掌五毒-初窥门径	0	11	588	\spr\item\equip\mask\yrmj_01.spr	379	1	1	戴上后即可易容成该NPC的样子，并获得少量的属性能力提升。		100	1	0		1312	1312																														
刀五毒-初窥门径	0	11	589	\spr\item\equip\mask\yrmj_01.spr	379	1	1	戴上后即可易容成该NPC的样子，并获得少量的属性能力提升。		100	1	0		1312	1312																														
飞刀唐-初窥门径	0	11	590	\spr\item\equip\mask\yrmj_01.spr	379	1	1	戴上后即可易容成该NPC的样子，并获得少量的属性能力提升。		100	1	0		1313	1313																														
弩箭唐-初窥门径	0	11	591	\spr\item\equip\mask\yrmj_01.spr	379	1	1	戴上后即可易容成该NPC的样子，并获得少量的属性能力提升。		100	1	0		1313	1313																														
飞镖唐-初窥门径	0	11	592	\spr\item\equip\mask\yrmj_01.spr	379	1	1	戴上后即可易容成该NPC的样子，并获得少量的属性能力提升。		100	1	0		1313	1313																														
掌丐帮-初窥门径	0	11	593	\spr\item\equip\mask\yrmj_01.spr	379	1	1	戴上后即可易容成该NPC的样子，并获得少量的属性能力提升。		100	1	0		1317	1317																														
棍丐帮-初窥门径	0	11	594	\spr\item\equip\mask\yrmj_01.spr	379	1	1	戴上后即可易容成该NPC的样子，并获得少量的属性能力提升。		100	1	0		1317	1317																														
战天忍-初窥门径	0	11	595	\spr\item\equip\mask\yrmj_01.spr	379	1	1	戴上后即可易容成该NPC的样子，并获得少量的属性能力提升。		100	1	0		1316	1316																														
魔天忍-初窥门径	0	11	596	\spr\item\equip\mask\yrmj_01.spr	379	1	1	戴上后即可易容成该NPC的样子，并获得少量的属性能力提升。		100	1	0		1316	1316																														
气武当-初窥门径	0	11	597	\spr\item\equip\mask\yrmj_01.spr	379	1	1	戴上后即可易容成该NPC的样子，并获得少量的属性能力提升。		100	1	0		1318	1318																														
剑武当-初窥门径	0	11	598	\spr\item\equip\mask\yrmj_01.spr	379	1	1	戴上后即可易容成该NPC的样子，并获得少量的属性能力提升。		100	1	0		1318	1318																														
刀昆仑-初窥门径	0	11	599	\spr\item\equip\mask\yrmj_01.spr	379	1	1	戴上后即可易容成该NPC的样子，并获得少量的属性能力提升。		100	1	0		1319	1319																														
剑昆仑-初窥门径	0	11	600	\spr\item\equip\mask\yrmj_01.spr	379	1	1	戴上后即可易容成该NPC的样子，并获得少量的属性能力提升。		100	1	0		1319	1319																														
拳少林-登堂入室	0	11	601	\spr\item\equip\mask\yrmj_01.spr	379	1	1	戴上后即可易容成该NPC的样子，并获得一定的属性能力提升。		100	1	0		1244	1244																														
棍少林-登堂入室	0	11	602	\spr\item\equip\mask\yrmj_01.spr	379	1	1	戴上后即可易容成该NPC的样子，并获得一定的属性能力提升。		100	1	0		1244	1244																														
刀少林-登堂入室	0	11	603	\spr\item\equip\mask\yrmj_01.spr	379	1	1	戴上后即可易容成该NPC的样子，并获得一定的属性能力提升。		100	1	0		1244	1244																														
刀天王-登堂入室	0	11	604	\spr\item\equip\mask\yrmj_01.spr	379	1	1	戴上后即可易容成该NPC的样子，并获得一定的属性能力提升。		100	1	0		1241	1241																														
锤天王-登堂入室	0	11	605	\spr\item\equip\mask\yrmj_01.spr	379	1	1	戴上后即可易容成该NPC的样子，并获得一定的属性能力提升。		100	1	0		1241	1241																														
枪天王-登堂入室	0	11	606	\spr\item\equip\mask\yrmj_01.spr	379	1	1	戴上后即可易容成该NPC的样子，并获得一定的属性能力提升。		100	1	0		1241	1241																														
剑峨眉-登堂入室	0	11	607	\spr\item\equip\mask\yrmj_01.spr	379	1	1	戴上后即可易容成该NPC的样子，并获得一定的属性能力提升。		100	1	0		1246	1246																														
掌峨眉-登堂入室	0	11	608	\spr\item\equip\mask\yrmj_01.spr	379	1	1	戴上后即可易容成该NPC的样子，并获得一定的属性能力提升。		100	1	0		1246	1246																														
刀翠烟-登堂入室	0	11	609	\spr\item\equip\mask\yrmj_01.spr	379	1	1	戴上后即可易容成该NPC的样子，并获得一定的属性能力提升。		100	1	0		1242	1242																														
内翠烟-登堂入室	0	11	610	\spr\item\equip\mask\yrmj_01.spr	379	1	1	戴上后即可易容成该NPC的样子，并获得一定的属性能力提升。		100	1	0		1242	1242																														
掌五毒-登堂入室	0	11	611	\spr\item\equip\mask\yrmj_01.spr	379	1	1	戴上后即可易容成该NPC的样子，并获得一定的属性能力提升。		100	1	0		1243	1243																														
刀五毒-登堂入室	0	11	612	\spr\item\equip\mask\yrmj_01.spr	379	1	1	戴上后即可易容成该NPC的样子，并获得一定的属性能力提升。		100	1	0		1243	1243																														
飞刀唐-登堂入室	0	11	613	\spr\item\equip\mask\yrmj_01.spr	379	1	1	戴上后即可易容成该NPC的样子，并获得一定的属性能力提升。		100	1	0		1245	1245																														
弩箭唐-登堂入室	0	11	614	\spr\item\equip\mask\yrmj_01.spr	379	1	1	戴上后即可易容成该NPC的样子，并获得一定的属性能力提升。		100	1	0		1245	1245																														
飞镖唐-登堂入室	0	11	615	\spr\item\equip\mask\yrmj_01.spr	379	1	1	戴上后即可易容成该NPC的样子，并获得一定的属性能力提升。		100	1	0		1245	1245																														
掌丐帮-登堂入室	0	11	616	\spr\item\equip\mask\yrmj_01.spr	379	1	1	戴上后即可易容成该NPC的样子，并获得一定的属性能力提升。		100	1	0		1247	1247																														
棍丐帮-登堂入室	0	11	617	\spr\item\equip\mask\yrmj_01.spr	379	1	1	戴上后即可易容成该NPC的样子，并获得一定的属性能力提升。		100	1	0		1247	1247																														
战天忍-登堂入室	0	11	618	\spr\item\equip\mask\yrmj_01.spr	379	1	1	戴上后即可易容成该NPC的样子，并获得一定的属性能力提升。		100	1	0		1240	1240																														
魔天忍-登堂入室	0	11	619	\spr\item\equip\mask\yrmj_01.spr	379	1	1	戴上后即可易容成该NPC的样子，并获得一定的属性能力提升。		100	1	0		1240	1240																														
气武当-登堂入室	0	11	620	\spr\item\equip\mask\yrmj_01.spr	379	1	1	戴上后即可易容成该NPC的样子，并获得一定的属性能力提升。		100	1	0		1239	1239																														
剑武当-登堂入室	0	11	621	\spr\item\equip\mask\yrmj_01.spr	379	1	1	戴上后即可易容成该NPC的样子，并获得一定的属性能力提升。		100	1	0		1239	1239																														
刀昆仑-登堂入室	0	11	622	\spr\item\equip\mask\yrmj_01.spr	379	1	1	戴上后即可易容成该NPC的样子，并获得一定的属性能力提升。		100	1	0		1248	1248																														
剑昆仑-登堂入室	0	11	623	\spr\item\equip\mask\yrmj_01.spr	379	1	1	戴上后即可易容成该NPC的样子，并获得一定的属性能力提升。		100	1	0		1248	1248																														
拳少林-出神入化	0	11	624	\spr\item\equip\mask\yrmj_01.spr	379	1	1	戴上后即可易容成该NPC的样子，并获得强大的属性能力提升。		100	1	0		2058	2058																														
棍少林-出神入化	0	11	625	\spr\item\equip\mask\yrmj_01.spr	379	1	1	戴上后即可易容成该NPC的样子，并获得强大的属性能力提升。		100	1	0		2058	2058																														
刀少林-出神入化	0	11	626	\spr\item\equip\mask\yrmj_01.spr	379	1	1	戴上后即可易容成该NPC的样子，并获得强大的属性能力提升。		100	1	0		2058	2058																														
刀天王-出神入化	0	11	627	\spr\item\equip\mask\yrmj_01.spr	379	1	1	戴上后即可易容成该NPC的样子，并获得强大的属性能力提升。		100	1	0		2059	2059																														
锤天王-出神入化	0	11	628	\spr\item\equip\mask\yrmj_01.spr	379	1	1	戴上后即可易容成该NPC的样子，并获得强大的属性能力提升。		100	1	0		2059	2059																														
枪天王-出神入化	0	11	629	\spr\item\equip\mask\yrmj_01.spr	379	1	1	戴上后即可易容成该NPC的样子，并获得强大的属性能力提升。		100	1	0		2059	2059																														
剑峨眉-出神入化	0	11	630	\spr\item\equip\mask\yrmj_01.spr	379	1	1	戴上后即可易容成该NPC的样子，并获得强大的属性能力提升。		100	1	0		2062	2062																														
掌峨眉-出神入化	0	11	631	\spr\item\equip\mask\yrmj_01.spr	379	1	1	戴上后即可易容成该NPC的样子，并获得强大的属性能力提升。		100	1	0		2062	2062																														
刀翠烟-出神入化	0	11	632	\spr\item\equip\mask\yrmj_01.spr	379	1	1	戴上后即可易容成该NPC的样子，并获得强大的属性能力提升。		100	1	0		2063	2063																														
内翠烟-出神入化	0	11	633	\spr\item\equip\mask\yrmj_01.spr	379	1	1	戴上后即可易容成该NPC的样子，并获得强大的属性能力提升。		100	1	0		2063	2063																														
掌五毒-出神入化	0	11	634	\spr\item\equip\mask\yrmj_01.spr	379	1	1	戴上后即可易容成该NPC的样子，并获得强大的属性能力提升。		100	1	0		2060	2060																														
刀五毒-出神入化	0	11	635	\spr\item\equip\mask\yrmj_01.spr	379	1	1	戴上后即可易容成该NPC的样子，并获得强大的属性能力提升。		100	1	0		2060	2060																														
飞刀唐-出神入化	0	11	636	\spr\item\equip\mask\yrmj_01.spr	379	1	1	戴上后即可易容成该NPC的样子，并获得强大的属性能力提升。		100	1	0		2061	2061																														
弩箭唐-出神入化	0	11	637	\spr\item\equip\mask\yrmj_01.spr	379	1	1	戴上后即可易容成该NPC的样子，并获得强大的属性能力提升。		100	1	0		2061	2061																														
飞镖唐-出神入化	0	11	638	\spr\item\equip\mask\yrmj_01.spr	379	1	1	戴上后即可易容成该NPC的样子，并获得强大的属性能力提升。		100	1	0		2061	2061																														
掌丐帮-出神入化	0	11	639	\spr\item\equip\mask\yrmj_01.spr	379	1	1	戴上后即可易容成该NPC的样子，并获得强大的属性能力提升。		100	1	0		2065	2065																														
棍丐帮-出神入化	0	11	640	\spr\item\equip\mask\yrmj_01.spr	379	1	1	戴上后即可易容成该NPC的样子，并获得强大的属性能力提升。		100	1	0		2065	2065																														
战天忍-出神入化	0	11	641	\spr\item\equip\mask\yrmj_01.spr	379	1	1	戴上后即可易容成该NPC的样子，并获得强大的属性能力提升。		100	1	0		2064	2064																														
魔天忍-出神入化	0	11	642	\spr\item\equip\mask\yrmj_01.spr	379	1	1	戴上后即可易容成该NPC的样子，并获得强大的属性能力提升。		100	1	0		2064	2064																														
气武当-出神入化	0	11	643	\spr\item\equip\mask\yrmj_01.spr	379	1	1	戴上后即可易容成该NPC的样子，并获得强大的属性能力提升。		100	1	0		2066	2066																														
剑武当-出神入化	0	11	644	\spr\item\equip\mask\yrmj_01.spr	379	1	1	戴上后即可易容成该NPC的样子，并获得强大的属性能力提升。		100	1	0		2066	2066																														
刀昆仑-出神入化	0	11	645	\spr\item\equip\mask\yrmj_01.spr	379	1	1	戴上后即可易容成该NPC的样子，并获得强大的属性能力提升。		100	1	0		2067	2067																														
剑昆仑-出神入化	0	11	646	\spr\item\equip\mask\yrmj_01.spr	379	1	1	戴上后即可易容成该NPC的样子，并获得强大的属性能力提升。		100	1	0		2067	2067																														
