PlatinaItem	Level	SkillNo	ActiveRate	Rate1	MagicIdx1	Rate2	MagicIdx2	Rate3	MagicIdx3	Comment
0	5	1	100	95	4	5	5	0	6	[天赐的]梦龙之正黄僧帽
0	6	1	100	50	4	50	5	0	6	[天赐的]梦龙之正黄僧帽
0	7	1	100	0	4	100	5	0	6	[天赐的]梦龙之正黄僧帽
0	8	1	100	0	4	50	5	50	6	[天赐的]梦龙之正黄僧帽	
0	9	1	100	0	4	0	5	100	6	[天赐的]梦龙之正黄僧帽	
0	5	2	100	3	167	0	168	0	169	[天赐的]梦龙之正黄僧帽	
0	6	2	100	95	167	5	168	0	169	[天赐的]梦龙之正黄僧帽	
0	7	2	100	0	167	100	168	0	169	[天赐的]梦龙之正黄僧帽	
0	8	2	100	0	167	100	168	0	169	[天赐的]梦龙之正黄僧帽	
0	9	2	100	0	167	0	168	100	169	[天赐的]梦龙之正黄僧帽	
1	5	1	100	95	4	5	5	0	6	[天赐的]梦龙之金丝正红袈裟	
1	6	1	100	50	4	50	5	0	6	[天赐的]梦龙之金丝正红袈裟	
1	7	1	100	0	4	100	5	0	6	[天赐的]梦龙之金丝正红袈裟	
1	8	1	100	0	4	50	5	50	6	[天赐的]梦龙之金丝正红袈裟	
1	9	1	100	0	4	0	5	100	6	[天赐的]梦龙之金丝正红袈裟	
1	5	2	100	3	126	0	127	0	128	[天赐的]梦龙之金丝正红袈裟	
1	6	2	100	95	126	5	127	0	128	[天赐的]梦龙之金丝正红袈裟	
1	7	2	100	0	126	100	127	0	128	[天赐的]梦龙之金丝正红袈裟	
1	8	2	100	0	126	100	127	0	128	[天赐的]梦龙之金丝正红袈裟	
1	9	2	100	0	126	0	127	100	128	[天赐的]梦龙之金丝正红袈裟	
2	5	1	100	95	4	5	5	0	6	[天赐的]梦龙之玄丝法带	
2	6	1	100	50	4	50	5	0	6	[天赐的]梦龙之玄丝法带	
2	7	1	100	0	4	100	5	0	6	[天赐的]梦龙之玄丝法带	
2	8	1	100	0	4	50	5	50	6	[天赐的]梦龙之玄丝法带	
2	9	1	100	0	4	0	5	100	6	[天赐的]梦龙之玄丝法带	
2	5	2	100	3	98	0	99	0	100	[天赐的]梦龙之玄丝法带	
2	6	2	100	95	98	5	99	0	100	[天赐的]梦龙之玄丝法带	
2	7	2	100	0	98	100	99	0	100	[天赐的]梦龙之玄丝法带	
2	8	2	100	0	98	100	99	0	100	[天赐的]梦龙之玄丝法带	
2	9	2	100	0	98	0	99	100	100	[天赐的]梦龙之玄丝法带	
3	5	1	100	95	1	5	2	0	3	[天赐的]梦龙之佛法玄佩	
3	6	1	100	50	1	50	2	0	3	[天赐的]梦龙之佛法玄佩	
3	7	1	100	0	1	100	2	0	3	[天赐的]梦龙之佛法玄佩	
3	8	1	100	0	1	50	2	50	3	[天赐的]梦龙之佛法玄佩	
3	9	1	100	0	1	0	2	100	3	[天赐的]梦龙之佛法玄佩	
3	5	2	100	3	23	0	24	0	25	[天赐的]梦龙之佛法玄佩	
3	6	2	100	95	23	5	24	0	25	[天赐的]梦龙之佛法玄佩	
3	7	2	100	0	23	100	24	0	25	[天赐的]梦龙之佛法玄佩	
3	8	2	100	0	23	100	24	0	25	[天赐的]梦龙之佛法玄佩	
3	9	2	100	0	23	0	24	100	25	[天赐的]梦龙之佛法玄佩	
4	5	1	100	95	4	5	5	0	6	[天赐的]梦龙之紫金般若戒	
4	6	1	100	50	4	50	5	0	6	[天赐的]梦龙之紫金般若戒	
4	7	1	100	0	4	100	5	0	6	[天赐的]梦龙之紫金般若戒	
4	8	1	100	0	4	50	5	50	6	[天赐的]梦龙之紫金般若戒	
4	9	1	100	0	4	0	5	100	6	[天赐的]梦龙之紫金般若戒	
4	5	2	100	3	98	0	99	0	100	[天赐的]梦龙之紫金般若戒	
4	6	2	100	95	98	5	99	0	100	[天赐的]梦龙之紫金般若戒	
4	7	2	100	0	98	100	99	0	100	[天赐的]梦龙之紫金般若戒	
4	8	2	100	0	98	100	99	0	100	[天赐的]梦龙之紫金般若戒	
4	9	2	100	0	98	0	99	100	100	[天赐的]梦龙之紫金般若戒	
5	5	1	100	95	23	5	24	0	25	[天赐的]伏魔之紫金棍	
5	6	1	100	50	23	50	24	0	25	[天赐的]伏魔之紫金棍	
5	7	1	100	0	23	100	24	0	25	[天赐的]伏魔之紫金棍	
5	8	1	100	0	23	50	24	50	25	[天赐的]伏魔之紫金棍	
5	9	1	100	0	23	0	24	100	25	[天赐的]伏魔之紫金棍	
5	5	2	100	3	20	0	21	0	22	[天赐的]伏魔之紫金棍	
5	6	2	100	95	20	5	21	0	22	[天赐的]伏魔之紫金棍	
5	7	2	100	0	20	100	21	0	22	[天赐的]伏魔之紫金棍	
5	8	2	100	0	20	100	21	0	22	[天赐的]伏魔之紫金棍	
5	9	2	100	0	20	0	21	100	22	[天赐的]伏魔之紫金棍	
6	5	1	100	95	4	5	5	0	6	[天赐的]伏魔之无量金刚腕	
6	6	1	100	50	4	50	5	0	6	[天赐的]伏魔之无量金刚腕	
6	7	1	100	0	4	100	5	0	6	[天赐的]伏魔之无量金刚腕	
6	8	1	100	0	4	50	5	50	6	[天赐的]伏魔之无量金刚腕	
6	9	1	100	0	4	0	5	100	6	[天赐的]伏魔之无量金刚腕	
6	5	2	100	3	101	0	102	0	103	[天赐的]伏魔之无量金刚腕	
6	6	2	100	95	101	5	102	0	103	[天赐的]伏魔之无量金刚腕	
6	7	2	100	0	101	100	102	0	103	[天赐的]伏魔之无量金刚腕	
6	8	2	100	0	101	100	102	0	103	[天赐的]伏魔之无量金刚腕	
6	9	2	100	0	101	0	102	100	103	[天赐的]伏魔之无量金刚腕	
7	5	1	100	95	4	5	5	0	6	[天赐的]伏魔之乌金软绦	
7	6	1	100	50	4	50	5	0	6	[天赐的]伏魔之乌金软绦	
7	7	1	100	0	4	100	5	0	6	[天赐的]伏魔之乌金软绦	
7	8	1	100	0	4	50	5	50	6	[天赐的]伏魔之乌金软绦	
7	9	1	100	0	4	0	5	100	6	[天赐的]伏魔之乌金软绦	
7	5	2	100	3	101	0	102	0	103	[天赐的]伏魔之乌金软绦	
7	6	2	100	95	101	5	102	0	103	[天赐的]伏魔之乌金软绦	
7	7	2	100	0	101	100	102	0	103	[天赐的]伏魔之乌金软绦	
7	8	2	100	0	101	100	102	0	103	[天赐的]伏魔之乌金软绦	
7	9	2	100	0	101	0	102	100	103	[天赐的]伏魔之乌金软绦	
8	5	1	100	95	4	5	5	0	6	[天赐的]伏魔之佛心软扣	
8	6	1	100	50	4	50	5	0	6	[天赐的]伏魔之佛心软扣	
8	7	1	100	0	4	100	5	0	6	[天赐的]伏魔之佛心软扣	
8	8	1	100	0	4	50	5	50	6	[天赐的]伏魔之佛心软扣	
8	9	1	100	0	4	0	5	100	6	[天赐的]伏魔之佛心软扣	
8	5	2	100	3	170	0	171	0	172	[天赐的]伏魔之佛心软扣	
8	6	2	100	95	170	5	171	0	172	[天赐的]伏魔之佛心软扣	
8	7	2	100	0	170	100	171	0	172	[天赐的]伏魔之佛心软扣	
8	8	2	100	0	170	100	171	0	172	[天赐的]伏魔之佛心软扣	
8	9	2	100	0	170	0	171	100	172	[天赐的]伏魔之佛心软扣	
9	5	1	100	95	1	5	2	0	3	[天赐的]伏魔之普渡僧鞋	
9	6	1	100	50	1	50	2	0	3	[天赐的]伏魔之普渡僧鞋	
9	7	1	100	0	1	100	2	0	3	[天赐的]伏魔之普渡僧鞋	
9	8	1	100	0	1	50	2	50	3	[天赐的]伏魔之普渡僧鞋	
9	9	1	100	0	1	0	2	100	3	[天赐的]伏魔之普渡僧鞋	
9	5	2	100	3	173	0	174	0	175	[天赐的]伏魔之普渡僧鞋	
9	6	2	100	95	173	5	174	0	175	[天赐的]伏魔之普渡僧鞋	
9	7	2	100	0	173	100	174	0	175	[天赐的]伏魔之普渡僧鞋	
9	8	2	100	0	173	100	174	0	175	[天赐的]伏魔之普渡僧鞋	
9	9	2	100	0	173	0	174	100	175	[天赐的]伏魔之普渡僧鞋	
10	5	1	100	95	23	5	24	0	25	[天赐的]四空之降魔戒刀	
10	6	1	100	50	23	50	24	0	25	[天赐的]四空之降魔戒刀	
10	7	1	100	0	23	100	24	0	25	[天赐的]四空之降魔戒刀	
10	8	1	100	0	23	50	24	50	25	[天赐的]四空之降魔戒刀	
10	9	1	100	0	23	0	24	100	25	[天赐的]四空之降魔戒刀	
10	5	2	100	3	20	0	21	0	22	[天赐的]四空之降魔戒刀	
10	6	2	100	95	20	5	21	0	22	[天赐的]四空之降魔戒刀	
10	7	2	100	0	20	100	21	0	22	[天赐的]四空之降魔戒刀	
10	8	2	100	0	20	100	21	0	22	[天赐的]四空之降魔戒刀	
10	9	2	100	0	20	0	21	100	22	[天赐的]四空之降魔戒刀	
11	5	1	100	95	4	5	5	0	6	[天赐的]四空之达摩僧鞋	
11	6	1	100	50	4	50	5	0	6	[天赐的]四空之达摩僧鞋	
11	7	1	100	0	4	100	5	0	6	[天赐的]四空之达摩僧鞋	
11	8	1	100	0	4	50	5	50	6	[天赐的]四空之达摩僧鞋	
11	9	1	100	0	4	0	5	100	6	[天赐的]四空之达摩僧鞋	
11	5	2	100	3	104	0	105	0	106	[天赐的]四空之达摩僧鞋	
11	6	2	100	95	104	5	105	0	106	[天赐的]四空之达摩僧鞋	
11	7	2	100	0	104	100	105	0	106	[天赐的]四空之达摩僧鞋	
11	8	2	100	0	104	100	105	0	106	[天赐的]四空之达摩僧鞋	
11	9	2	100	0	104	0	105	100	106	[天赐的]四空之达摩僧鞋	
12	5	1	100	95	4	5	5	0	6	[天赐的]四空之护法腰带	
12	6	1	100	50	4	50	5	0	6	[天赐的]四空之护法腰带	
12	7	1	100	0	4	100	5	0	6	[天赐的]四空之护法腰带	
12	8	1	100	0	4	50	5	50	6	[天赐的]四空之护法腰带	
12	9	1	100	0	4	0	5	100	6	[天赐的]四空之护法腰带	
12	5	2	100	3	104	0	105	0	106	[天赐的]四空之护法腰带	
12	6	2	100	95	104	5	105	0	106	[天赐的]四空之护法腰带	
12	7	2	100	0	104	100	105	0	106	[天赐的]四空之护法腰带	
12	8	2	100	0	104	100	105	0	106	[天赐的]四空之护法腰带	
12	9	2	100	0	104	0	105	100	106	[天赐的]四空之护法腰带	
13	5	1	100	95	4	5	5	0	6	[天赐的]四空之软皮护腕	
13	6	1	100	50	4	50	5	0	6	[天赐的]四空之软皮护腕	
13	7	1	100	0	4	100	5	0	6	[天赐的]四空之软皮护腕	
13	8	1	100	0	4	50	5	50	6	[天赐的]四空之软皮护腕	
13	9	1	100	0	4	0	5	100	6	[天赐的]四空之软皮护腕	
13	5	2	100	3	179	0	180	0	181	[天赐的]四空之软皮护腕	
13	6	2	100	95	179	5	180	0	181	[天赐的]四空之软皮护腕	
13	7	2	100	0	179	100	180	0	181	[天赐的]四空之软皮护腕	
13	8	2	100	0	179	100	180	0	181	[天赐的]四空之软皮护腕	
13	9	2	100	0	179	0	180	100	181	[天赐的]四空之软皮护腕
14	5	1	100	95	4	5	5	0	6	[天赐的]四空之戒律法戒
14	6	1	100	50	4	50	5	0	6	[天赐的]四空之戒律法戒
14	7	1	100	0	4	100	5	0	6	[天赐的]四空之戒律法戒
14	8	1	100	0	4	50	5	50	6	[天赐的]四空之戒律法戒
14	9	1	100	0	4	0	5	100	6	[天赐的]四空之戒律法戒
14	5	2	100	3	176	0	177	0	178	[天赐的]四空之戒律法戒
14	6	2	100	95	176	5	177	0	178	[天赐的]四空之戒律法戒
14	7	2	100	0	176	100	177	0	178	[天赐的]四空之戒律法戒
14	8	2	100	0	176	100	177	0	178	[天赐的]四空之戒律法戒
14	9	2	100	0	176	0	177	100	178	[天赐的]四空之戒律法戒
15	5	1	100	95	23	5	24	0	25	[天赐的]撼天之金环大眼神锤
15	6	1	100	50	23	50	24	0	25	[天赐的]撼天之金环大眼神锤
15	7	1	100	0	23	100	24	0	25	[天赐的]撼天之金环大眼神锤
15	8	1	100	0	23	50	24	50	25	[天赐的]撼天之金环大眼神锤
15	9	1	100	0	23	0	24	100	25	[天赐的]撼天之金环大眼神锤
15	5	2	100	3	20	0	21	0	22	[天赐的]撼天之金环大眼神锤
15	6	2	100	95	20	5	21	0	22	[天赐的]撼天之金环大眼神锤
15	7	2	100	0	20	100	21	0	22	[天赐的]撼天之金环大眼神锤
15	8	2	100	0	20	100	21	0	22	[天赐的]撼天之金环大眼神锤
15	9	2	100	0	20	0	21	100	22	[天赐的]撼天之金环大眼神锤
16	5	1	100	95	4	5	5	0	6	[天赐的]撼天之武神镶金甲
16	6	1	100	50	4	50	5	0	6	[天赐的]撼天之武神镶金甲
16	7	1	100	0	4	100	5	0	6	[天赐的]撼天之武神镶金甲
16	8	1	100	0	4	50	5	50	6	[天赐的]撼天之武神镶金甲
16	9	1	100	0	4	0	5	100	6	[天赐的]撼天之武神镶金甲
16	5	2	100	3	89	0	90	0	91	[天赐的]撼天之武神镶金甲
16	6	2	100	95	89	5	90	0	91	[天赐的]撼天之武神镶金甲
16	7	2	100	0	89	100	90	0	91	[天赐的]撼天之武神镶金甲
16	8	2	100	0	89	100	90	0	91	[天赐的]撼天之武神镶金甲
16	9	2	100	0	89	0	90	100	91	[天赐的]撼天之武神镶金甲
17	5	1	100	95	4	5	5	0	6	[天赐的]撼天之威武束腰环
17	6	1	100	50	4	50	5	0	6	[天赐的]撼天之威武束腰环
17	7	1	100	0	4	100	5	0	6	[天赐的]撼天之威武束腰环
17	8	1	100	0	4	50	5	50	6	[天赐的]撼天之威武束腰环
17	9	1	100	0	4	0	5	100	6	[天赐的]撼天之威武束腰环
17	5	2	100	3	185	0	186	0	187	[天赐的]撼天之威武束腰环
17	6	2	100	95	185	5	186	0	187	[天赐的]撼天之威武束腰环
17	7	2	100	0	185	100	186	0	187	[天赐的]撼天之威武束腰环
17	8	2	100	0	185	100	186	0	187	[天赐的]撼天之威武束腰环
17	9	2	100	0	185	0	186	100	187	[天赐的]撼天之威武束腰环
18	5	1	100	95	4	5	5	0	6	[天赐的]撼天之虎头紧束腕
18	6	1	100	50	4	50	5	0	6	[天赐的]撼天之虎头紧束腕
18	7	1	100	0	4	100	5	0	6	[天赐的]撼天之虎头紧束腕
18	8	1	100	0	4	50	5	50	6	[天赐的]撼天之虎头紧束腕
18	9	1	100	0	4	0	5	100	6	[天赐的]撼天之虎头紧束腕
18	5	2	100	3	129	0	130	0	131	[天赐的]撼天之虎头紧束腕
18	6	2	100	95	129	5	130	0	131	[天赐的]撼天之虎头紧束腕
18	7	2	100	0	129	100	130	0	131	[天赐的]撼天之虎头紧束腕
18	8	2	100	0	129	100	130	0	131	[天赐的]撼天之虎头紧束腕
18	9	2	100	0	129	0	130	100	131	[天赐的]撼天之虎头紧束腕
19	5	1	100	95	4	5	5	0	6	[天赐的]撼天之乘龙战靴
19	6	1	100	50	4	50	5	0	6	[天赐的]撼天之乘龙战靴
19	7	1	100	0	4	100	5	0	6	[天赐的]撼天之乘龙战靴
19	8	1	100	0	4	50	5	50	6	[天赐的]撼天之乘龙战靴
19	9	1	100	0	4	0	5	100	6	[天赐的]撼天之乘龙战靴
19	5	2	100	3	89	0	90	0	91	[天赐的]撼天之乘龙战靴
19	6	2	100	95	89	5	90	0	91	[天赐的]撼天之乘龙战靴
19	7	2	100	0	89	100	90	0	91	[天赐的]撼天之乘龙战靴
19	8	2	100	0	89	100	90	0	91	[天赐的]撼天之乘龙战靴
19	9	2	100	0	89	0	90	100	91	[天赐的]撼天之乘龙战靴
20	5	1	100	95	23	5	24	0	25	[天赐的]继业之奔雷钻龙枪
20	6	1	100	50	23	50	24	0	25	[天赐的]继业之奔雷钻龙枪
20	7	1	100	0	23	100	24	0	25	[天赐的]继业之奔雷钻龙枪
20	8	1	100	0	23	50	24	50	25	[天赐的]继业之奔雷钻龙枪
20	9	1	100	0	23	0	24	100	25	[天赐的]继业之奔雷钻龙枪
20	5	2	100	3	20	0	21	0	22	[天赐的]继业之奔雷钻龙枪
20	6	2	100	95	20	5	21	0	22	[天赐的]继业之奔雷钻龙枪
20	7	2	100	0	20	100	21	0	22	[天赐的]继业之奔雷钻龙枪
20	8	2	100	0	20	100	21	0	22	[天赐的]继业之奔雷钻龙枪
20	9	2	100	0	20	0	21	100	22	[天赐的]继业之奔雷钻龙枪
21	5	1	100	95	4	5	5	0	6	[天赐的]继业之玄武黄金铠
21	6	1	100	50	4	50	5	0	6	[天赐的]继业之玄武黄金铠
21	7	1	100	0	4	100	5	0	6	[天赐的]继业之玄武黄金铠
21	8	1	100	0	4	50	5	50	6	[天赐的]继业之玄武黄金铠
21	9	1	100	0	4	0	5	100	6	[天赐的]继业之玄武黄金铠
21	5	2	100	3	92	0	93	0	94	[天赐的]继业之玄武黄金铠
21	6	2	100	95	92	5	93	0	94	[天赐的]继业之玄武黄金铠
21	7	2	100	0	92	100	93	0	94	[天赐的]继业之玄武黄金铠
21	8	2	100	0	92	100	93	0	94	[天赐的]继业之玄武黄金铠
21	9	2	100	0	92	0	93	100	94	[天赐的]继业之玄武黄金铠
22	5	1	100	95	1	5	2	0	3	[天赐的]继业之白虎无双扣
22	6	1	100	50	1	50	2	0	3	[天赐的]继业之白虎无双扣
22	7	1	100	0	1	100	2	0	3	[天赐的]继业之白虎无双扣
22	8	1	100	0	1	50	2	50	3	[天赐的]继业之白虎无双扣
22	9	1	100	0	1	0	2	100	3	[天赐的]继业之白虎无双扣
22	5	2	100	3	182	0	183	0	184	[天赐的]继业之白虎无双扣
22	6	2	100	95	182	5	183	0	184	[天赐的]继业之白虎无双扣
22	7	2	100	0	182	100	183	0	184	[天赐的]继业之白虎无双扣
22	8	2	100	0	182	100	183	0	184	[天赐的]继业之白虎无双扣
22	9	2	100	0	182	0	183	100	184	[天赐的]继业之白虎无双扣
23	5	1	100	95	4	5	5	0	6	[天赐的]继业之火云麒麟手
23	6	1	100	50	4	50	5	0	6	[天赐的]继业之火云麒麟手
23	7	1	100	0	4	100	5	0	6	[天赐的]继业之火云麒麟手
23	8	1	100	0	4	50	5	50	6	[天赐的]继业之火云麒麟手
23	9	1	100	0	4	0	5	100	6	[天赐的]继业之火云麒麟手
23	5	2	100	3	188	0	189	0	190	[天赐的]继业之火云麒麟手
23	6	2	100	95	188	5	189	0	190	[天赐的]继业之火云麒麟手
23	7	2	100	0	188	100	189	0	190	[天赐的]继业之火云麒麟手
23	8	2	100	0	188	100	189	0	190	[天赐的]继业之火云麒麟手
23	9	2	100	0	188	0	189	100	190	[天赐的]继业之火云麒麟手
24	5	1	100	95	4	5	5	0	6	[天赐的]继业之朱雀凌云靴
24	6	1	100	50	4	50	5	0	6	[天赐的]继业之朱雀凌云靴
24	7	1	100	0	4	100	5	0	6	[天赐的]继业之朱雀凌云靴
24	8	1	100	0	4	50	5	50	6	[天赐的]继业之朱雀凌云靴
24	9	1	100	0	4	0	5	100	6	[天赐的]继业之朱雀凌云靴
24	5	2	100	3	92	0	93	0	94	[天赐的]继业之朱雀凌云靴
24	6	2	100	95	92	5	93	0	94	[天赐的]继业之朱雀凌云靴
24	7	2	100	0	92	100	93	0	94	[天赐的]继业之朱雀凌云靴
24	8	2	100	0	92	100	93	0	94	[天赐的]继业之朱雀凌云靴
24	9	2	100	0	92	0	93	100	94	[天赐的]继业之朱雀凌云靴
25	5	1	100	95	23	5	24	0	25	[天赐的]御龙之亮银宝刀
25	6	1	100	50	23	50	24	0	25	[天赐的]御龙之亮银宝刀
25	7	1	100	0	23	100	24	0	25	[天赐的]御龙之亮银宝刀
25	8	1	100	0	23	50	24	50	25	[天赐的]御龙之亮银宝刀
25	9	1	100	0	23	0	24	100	25	[天赐的]御龙之亮银宝刀
25	5	2	100	3	20	0	21	0	22	[天赐的]御龙之亮银宝刀
25	6	2	100	95	20	5	21	0	22	[天赐的]御龙之亮银宝刀
25	7	2	100	0	20	100	21	0	22	[天赐的]御龙之亮银宝刀
25	8	2	100	0	20	100	21	0	22	[天赐的]御龙之亮银宝刀
25	9	2	100	0	20	0	21	100	22	[天赐的]御龙之亮银宝刀
26	5	1	100	95	1	5	2	0	3	[天赐的]御龙之战神挂坠
26	6	1	100	50	1	50	2	0	3	[天赐的]御龙之战神挂坠
26	7	1	100	0	1	100	2	0	3	[天赐的]御龙之战神挂坠
26	8	1	100	0	1	50	2	50	3	[天赐的]御龙之战神挂坠
26	9	1	100	0	1	0	2	100	3	[天赐的]御龙之战神挂坠
26	5	2	100	3	191	0	192	0	193	[天赐的]御龙之战神挂坠
26	6	2	100	95	191	5	192	0	193	[天赐的]御龙之战神挂坠
26	7	2	100	0	191	100	192	0	193	[天赐的]御龙之战神挂坠
26	8	2	100	0	191	100	192	0	193	[天赐的]御龙之战神挂坠
26	9	2	100	0	191	0	192	100	193	[天赐的]御龙之战神挂坠
27	5	1	100	95	4	5	5	0	6	[天赐的]御龙之天门束腰环
27	6	1	100	50	4	50	5	0	6	[天赐的]御龙之天门束腰环
27	7	1	100	0	4	100	5	0	6	[天赐的]御龙之天门束腰环
27	8	1	100	0	4	50	5	50	6	[天赐的]御龙之天门束腰环
27	9	1	100	0	4	0	5	100	6	[天赐的]御龙之天门束腰环
27	5	2	100	3	95	0	96	0	97	[天赐的]御龙之天门束腰环
27	6	2	100	95	95	5	96	0	97	[天赐的]御龙之天门束腰环
27	7	2	100	0	95	100	96	0	97	[天赐的]御龙之天门束腰环
27	8	2	100	0	95	100	96	0	97	[天赐的]御龙之天门束腰环
27	9	2	100	0	95	0	96	100	97	[天赐的]御龙之天门束腰环
28	5	1	100	95	4	5	5	0	6	[天赐的]御龙之迅风发箍
28	6	1	100	50	4	50	5	0	6	[天赐的]御龙之迅风发箍
28	7	1	100	0	4	100	5	0	6	[天赐的]御龙之迅风发箍
28	8	1	100	0	4	50	5	50	6	[天赐的]御龙之迅风发箍
28	9	1	100	0	4	0	5	100	6	[天赐的]御龙之迅风发箍
28	5	2	100	3	95	0	96	0	97	[天赐的]御龙之迅风发箍
28	6	2	100	95	95	5	96	0	97	[天赐的]御龙之迅风发箍
28	7	2	100	0	95	100	96	0	97	[天赐的]御龙之迅风发箍
28	8	2	100	0	95	100	96	0	97	[天赐的]御龙之迅风发箍
28	9	2	100	0	95	0	96	100	97	[天赐的]御龙之迅风发箍
29	5	1	100	95	4	5	5	0	6	[天赐的]御龙之绝命指环
29	6	1	100	50	4	50	5	0	6	[天赐的]御龙之绝命指环
29	7	1	100	0	4	100	5	0	6	[天赐的]御龙之绝命指环
29	8	1	100	0	4	50	5	50	6	[天赐的]御龙之绝命指环
29	9	1	100	0	4	0	5	100	6	[天赐的]御龙之绝命指环
29	5	2	100	3	194	0	195	0	196	[天赐的]御龙之绝命指环
29	6	2	100	95	194	5	195	0	196	[天赐的]御龙之绝命指环
29	7	2	100	0	194	100	195	0	196	[天赐的]御龙之绝命指环
29	8	2	100	0	194	100	195	0	196	[天赐的]御龙之绝命指环
29	9	2	100	0	194	0	195	100	196	[天赐的]御龙之绝命指环
30	5	1	100	95	23	5	24	0	25	[天赐的]无间之倚天剑
30	6	1	100	50	23	50	24	0	25	[天赐的]无间之倚天剑
30	7	1	100	0	23	100	24	0	25	[天赐的]无间之倚天剑
30	8	1	100	0	23	50	24	50	25	[天赐的]无间之倚天剑
30	9	1	100	0	23	0	24	100	25	[天赐的]无间之倚天剑
30	5	2	100	3	20	0	21	0	22	[天赐的]无间之倚天剑
30	6	2	100	95	20	5	21	0	22	[天赐的]无间之倚天剑
30	7	2	100	0	20	100	21	0	22	[天赐的]无间之倚天剑
30	8	2	100	0	20	100	21	0	22	[天赐的]无间之倚天剑
30	9	2	100	0	20	0	21	100	22	[天赐的]无间之倚天剑
31	5	1	100	95	4	5	5	0	6	[天赐的]无间之清风软屐
31	6	1	100	50	4	50	5	0	6	[天赐的]无间之清风软屐
31	7	1	100	0	4	100	5	0	6	[天赐的]无间之清风软屐
31	8	1	100	0	4	50	5	50	6	[天赐的]无间之清风软屐
31	9	1	100	0	4	0	5	100	6	[天赐的]无间之清风软屐
31	5	2	100	3	71	0	72	0	73	[天赐的]无间之清风软屐
31	6	2	100	95	71	5	72	0	73	[天赐的]无间之清风软屐
31	7	2	100	0	71	100	72	0	73	[天赐的]无间之清风软屐
31	8	2	100	0	71	100	72	0	73	[天赐的]无间之清风软屐
31	9	2	100	0	71	0	72	100	73	[天赐的]无间之清风软屐
32	5	1	100	95	4	5	5	0	6	[天赐的]无间之拂云丝带
32	6	1	100	50	4	50	5	0	6	[天赐的]无间之拂云丝带
32	7	1	100	0	4	100	5	0	6	[天赐的]无间之拂云丝带
32	8	1	100	0	4	50	5	50	6	[天赐的]无间之拂云丝带
32	9	1	100	0	4	0	5	100	6	[天赐的]无间之拂云丝带
32	5	2	100	3	71	0	72	0	73	[天赐的]无间之拂云丝带
32	6	2	100	95	71	5	72	0	73	[天赐的]无间之拂云丝带
32	7	2	100	0	71	100	72	0	73	[天赐的]无间之拂云丝带
32	8	2	100	0	71	100	72	0	73	[天赐的]无间之拂云丝带
32	9	2	100	0	71	0	72	100	73	[天赐的]无间之拂云丝带
33	5	1	100	95	4	5	5	0	6	[天赐的]无间之琴韵护腕
33	6	1	100	50	4	50	5	0	6	[天赐的]无间之琴韵护腕
33	7	1	100	0	4	100	5	0	6	[天赐的]无间之琴韵护腕
33	8	1	100	0	4	50	5	50	6	[天赐的]无间之琴韵护腕
33	9	1	100	0	4	0	5	100	6	[天赐的]无间之琴韵护腕
33	5	2	100	3	132	0	133	0	134	[天赐的]无间之琴韵护腕
33	6	2	100	95	132	5	133	0	134	[天赐的]无间之琴韵护腕
33	7	2	100	0	132	100	133	0	134	[天赐的]无间之琴韵护腕
33	8	2	100	0	132	100	133	0	134	[天赐的]无间之琴韵护腕
33	9	2	100	0	132	0	133	100	134	[天赐的]无间之琴韵护腕
34	5	1	100	95	4	5	5	0	6	[天赐的]无间之白玉般指
34	6	1	100	50	4	50	5	0	6	[天赐的]无间之白玉般指
34	7	1	100	0	4	100	5	0	6	[天赐的]无间之白玉般指
34	8	1	100	0	4	50	5	50	6	[天赐的]无间之白玉般指
34	9	1	100	0	4	0	5	100	6	[天赐的]无间之白玉般指
34	5	2	100	3	233	0	234	0	235	[天赐的]无间之白玉般指
34	6	2	100	95	233	5	234	0	235	[天赐的]无间之白玉般指
34	7	2	100	0	233	100	234	0	235	[天赐的]无间之白玉般指
34	8	2	100	0	233	100	234	0	235	[天赐的]无间之白玉般指
34	9	2	100	0	233	0	234	100	235	[天赐的]无间之白玉般指
35	5	1	100	95	4	5	5	0	6	[天赐的]无魇之摩尼冠
35	6	1	100	50	4	50	5	0	6	[天赐的]无魇之摩尼冠
35	7	1	100	0	4	100	5	0	6	[天赐的]无魇之摩尼冠
35	8	1	100	0	4	50	5	50	6	[天赐的]无魇之摩尼冠
35	9	1	100	0	4	0	5	100	6	[天赐的]无魇之摩尼冠
35	5	2	100	3	74	0	75	0	76	[天赐的]无魇之摩尼冠
35	6	2	100	95	74	5	75	0	76	[天赐的]无魇之摩尼冠
35	7	2	100	0	74	100	75	0	76	[天赐的]无魇之摩尼冠
35	8	2	100	0	74	100	75	0	76	[天赐的]无魇之摩尼冠
35	9	2	100	0	74	0	75	100	76	[天赐的]无魇之摩尼冠
36	5	1	100	95	4	5	5	0	6	[天赐的]无魇之秋水流光带
36	6	1	100	50	4	50	5	0	6	[天赐的]无魇之秋水流光带
36	7	1	100	0	4	100	5	0	6	[天赐的]无魇之秋水流光带
36	8	1	100	0	4	50	5	50	6	[天赐的]无魇之秋水流光带
36	9	1	100	0	4	0	5	100	6	[天赐的]无魇之秋水流光带
36	5	2	100	3	74	0	75	0	76	[天赐的]无魇之秋水流光带
36	6	2	100	95	74	5	75	0	76	[天赐的]无魇之秋水流光带
36	7	2	100	0	74	100	75	0	76	[天赐的]无魇之秋水流光带
36	8	2	100	0	74	100	75	0	76	[天赐的]无魇之秋水流光带
36	9	2	100	0	74	0	75	100	76	[天赐的]无魇之秋水流光带
37	5	1	100	95	4	5	5	0	6	[天赐的]无魇之冰晶指环
37	6	1	100	50	4	50	5	0	6	[天赐的]无魇之冰晶指环
37	7	1	100	0	4	100	5	0	6	[天赐的]无魇之冰晶指环
37	8	1	100	0	4	50	5	50	6	[天赐的]无魇之冰晶指环
37	9	1	100	0	4	0	5	100	6	[天赐的]无魇之冰晶指环
37	5	2	100	3	37	0	159	0	160	[天赐的]无魇之冰晶指环
37	6	2	100	95	37	5	159	0	160	[天赐的]无魇之冰晶指环
37	7	2	100	0	37	100	159	0	160	[天赐的]无魇之冰晶指环
37	8	2	100	0	37	100	159	0	160	[天赐的]无魇之冰晶指环
37	9	2	100	0	37	0	159	100	160	[天赐的]无魇之冰晶指环
38	5	1	100	95	36	5	38	0	39	[天赐的]无魇之洗象玉扣
38	6	1	100	50	36	50	38	0	39	[天赐的]无魇之洗象玉扣
38	7	1	100	0	36	100	38	0	39	[天赐的]无魇之洗象玉扣
38	8	1	100	0	36	50	38	50	39	[天赐的]无魇之洗象玉扣
38	9	1	100	0	36	0	38	100	39	[天赐的]无魇之洗象玉扣
38	5	2	100	3	138	0	139	0	140	[天赐的]无魇之洗象玉扣
38	6	2	100	95	138	5	139	0	140	[天赐的]无魇之洗象玉扣
38	7	2	100	0	138	100	139	0	140	[天赐的]无魇之洗象玉扣
38	8	2	100	0	138	100	139	0	140	[天赐的]无魇之洗象玉扣
38	9	2	100	0	138	0	139	100	140	[天赐的]无魇之洗象玉扣
39	5	1	100	95	4	5	5	0	6	[天赐的]无魇之红缁软N鞋
39	6	1	100	50	4	50	5	0	6	[天赐的]无魇之红缁软N鞋
39	7	1	100	0	4	100	5	0	6	[天赐的]无魇之红缁软N鞋
39	8	1	100	0	4	50	5	50	6	[天赐的]无魇之红缁软N鞋
39	9	1	100	0	4	0	5	100	6	[天赐的]无魇之红缁软N鞋
39	5	2	100	3	135	0	136	0	137	[天赐的]无魇之红缁软N鞋
39	6	2	100	95	135	5	136	0	137	[天赐的]无魇之红缁软N鞋
39	7	2	100	0	135	100	136	0	137	[天赐的]无魇之红缁软N鞋
39	8	2	100	0	135	100	136	0	137	[天赐的]无魇之红缁软N鞋
39	9	2	100	0	135	0	136	100	137	[天赐的]无魇之红缁软N鞋
42	5	1	100	95	4	5	5	0	6	[天赐的]无尘之慈悲玉般指
42	6	1	100	50	4	50	5	0	6	[天赐的]无尘之慈悲玉般指
42	7	1	100	0	4	100	5	0	6	[天赐的]无尘之慈悲玉般指
42	8	1	100	0	4	50	5	50	6	[天赐的]无尘之慈悲玉般指
42	9	1	100	0	4	0	5	100	6	[天赐的]无尘之慈悲玉般指
42	5	2	100	3	287	0	288	0	289	[天赐的]无尘之慈悲玉般指
42	6	2	100	95	287	5	288	0	289	[天赐的]无尘之慈悲玉般指
42	7	2	100	0	287	100	288	0	289	[天赐的]无尘之慈悲玉般指
42	8	2	100	0	287	100	288	0	289	[天赐的]无尘之慈悲玉般指
42	9	2	100	0	287	0	288	100	289	[天赐的]无尘之慈悲玉般指
45	5	1	100	95	24	5	25	0	163	[天赐的]栖凰之凤仪刀
45	6	1	100	50	24	50	25	0	163	[天赐的]栖凰之凤仪刀
45	7	1	100	0	24	100	25	0	163	[天赐的]栖凰之凤仪刀
45	8	1	100	0	24	50	25	50	163	[天赐的]栖凰之凤仪刀
45	9	1	100	0	24	0	25	100	163	[天赐的]栖凰之凤仪刀
45	5	2	100	3	20	0	21	0	22	[天赐的]栖凰之凤仪刀
45	6	2	100	95	20	5	21	0	22	[天赐的]栖凰之凤仪刀
45	7	2	100	0	20	100	21	0	22	[天赐的]栖凰之凤仪刀
45	8	2	100	0	20	100	21	0	22	[天赐的]栖凰之凤仪刀
45	9	2	100	0	20	0	21	100	22	[天赐的]栖凰之凤仪刀
46	5	1	100	95	4	5	5	0	6	[天赐的]栖凰之慧心长生扣
46	6	1	100	50	4	50	5	0	6	[天赐的]栖凰之慧心长生扣
46	7	1	100	0	4	100	5	0	6	[天赐的]栖凰之慧心长生扣
46	8	1	100	0	4	50	5	50	6	[天赐的]栖凰之慧心长生扣
46	9	1	100	0	4	0	5	100	6	[天赐的]栖凰之慧心长生扣
46	5	2	100	3	110	0	111	0	112	[天赐的]栖凰之慧心长生扣
46	6	2	100	95	110	5	111	0	112	[天赐的]栖凰之慧心长生扣
46	7	2	100	0	110	100	111	0	112	[天赐的]栖凰之慧心长生扣
46	8	2	100	0	110	100	111	0	112	[天赐的]栖凰之慧心长生扣
46	9	2	100	0	110	0	111	100	112	[天赐的]栖凰之慧心长生扣
47	5	1	100	95	5	5	6	0	7	[天赐的]栖凰之风雪白云束带
47	6	1	100	50	5	50	6	0	7	[天赐的]栖凰之风雪白云束带
47	7	1	100	0	5	100	6	0	7	[天赐的]栖凰之风雪白云束带
47	8	1	100	0	5	50	6	50	7	[天赐的]栖凰之风雪白云束带
47	9	1	100	0	5	0	6	100	7	[天赐的]栖凰之风雪白云束带
47	5	2	100	3	110	0	111	0	112	[天赐的]栖凰之风雪白云束带
47	6	2	100	95	110	5	111	0	112	[天赐的]栖凰之风雪白云束带
47	7	2	100	0	110	100	111	0	112	[天赐的]栖凰之风雪白云束带
47	8	2	100	0	110	100	111	0	112	[天赐的]栖凰之风雪白云束带
47	9	2	100	0	110	0	111	100	112	[天赐的]栖凰之风雪白云束带
48	5	1	100	95	5	5	6	0	7	[天赐的]栖凰之冰踪锦腕
48	6	1	100	50	5	50	6	0	7	[天赐的]栖凰之冰踪锦腕
48	7	1	100	0	5	100	6	0	7	[天赐的]栖凰之冰踪锦腕
48	8	1	100	0	5	50	6	50	7	[天赐的]栖凰之冰踪锦腕
48	9	1	100	0	5	0	6	100	7	[天赐的]栖凰之冰踪锦腕
48	5	2	100	3	144	0	145	0	146	[天赐的]栖凰之冰踪锦腕
48	6	2	100	95	144	5	145	0	146	[天赐的]栖凰之冰踪锦腕
48	7	2	100	0	144	100	145	0	146	[天赐的]栖凰之冰踪锦腕
48	8	2	100	0	144	100	145	0	146	[天赐的]栖凰之冰踪锦腕
48	9	2	100	0	144	0	145	100	146	[天赐的]栖凰之冰踪锦腕
49	5	1	100	95	5	5	6	0	7	[天赐的]栖凰之翠玉指环
49	6	1	100	50	5	50	6	0	7	[天赐的]栖凰之翠玉指环
49	7	1	100	0	5	100	6	0	7	[天赐的]栖凰之翠玉指环
49	8	1	100	0	5	50	6	50	7	[天赐的]栖凰之翠玉指环
49	9	1	100	0	5	0	6	100	7	[天赐的]栖凰之翠玉指环
49	5	2	100	3	239	0	240	0	241	[天赐的]栖凰之翠玉指环
49	6	2	100	95	239	5	240	0	241	[天赐的]栖凰之翠玉指环
49	7	2	100	0	239	100	240	0	241	[天赐的]栖凰之翠玉指环
49	8	2	100	0	239	100	240	0	241	[天赐的]栖凰之翠玉指环
49	9	2	100	0	239	0	240	100	241	[天赐的]栖凰之翠玉指环
50	5	1	100	95	159	5	160	0	11	[天赐的]碧海之鸳鸯连环刀
50	6	1	100	50	159	50	160	0	11	[天赐的]碧海之鸳鸯连环刀
50	7	1	100	0	159	100	160	0	11	[天赐的]碧海之鸳鸯连环刀
50	8	1	100	0	159	50	160	50	11	[天赐的]碧海之鸳鸯连环刀
50	9	1	100	0	159	0	160	100	11	[天赐的]碧海之鸳鸯连环刀
50	5	2	100	3	11	0	161	0	162	[天赐的]碧海之鸳鸯连环刀
50	6	2	100	95	11	5	161	0	162	[天赐的]碧海之鸳鸯连环刀
50	7	2	100	0	11	100	161	0	162	[天赐的]碧海之鸳鸯连环刀
50	8	2	100	0	11	100	161	0	162	[天赐的]碧海之鸳鸯连环刀
50	9	2	100	0	11	0	161	100	162	[天赐的]碧海之鸳鸯连环刀
51	5	1	100	95	4	5	5	0	6	[天赐的]碧海之环珠宣清巾
51	6	1	100	50	4	50	5	0	6	[天赐的]碧海之环珠宣清巾
51	7	1	100	0	4	100	5	0	6	[天赐的]碧海之环珠宣清巾
51	8	1	100	0	4	50	5	50	6	[天赐的]碧海之环珠宣清巾
51	9	1	100	0	4	0	5	100	6	[天赐的]碧海之环珠宣清巾
51	5	2	100	3	107	0	108	0	109	[天赐的]碧海之环珠宣清巾
51	6	2	100	95	107	5	108	0	109	[天赐的]碧海之环珠宣清巾
51	7	2	100	0	107	100	108	0	109	[天赐的]碧海之环珠宣清巾
51	8	2	100	0	107	100	108	0	109	[天赐的]碧海之环珠宣清巾
51	9	2	100	0	107	0	108	100	109	[天赐的]碧海之环珠宣清巾
52	5	1	100	95	5	5	6	0	7	[天赐的]碧海之红铃金丝带
52	6	1	100	50	5	50	6	0	7	[天赐的]碧海之红铃金丝带
52	7	1	100	0	5	100	6	0	7	[天赐的]碧海之红铃金丝带
52	8	1	100	0	5	50	6	50	7	[天赐的]碧海之红铃金丝带
52	9	1	100	0	5	0	6	100	7	[天赐的]碧海之红铃金丝带
52	5	2	100	3	141	0	142	0	143	[天赐的]碧海之红铃金丝带
52	6	2	100	95	141	5	142	0	143	[天赐的]碧海之红铃金丝带
52	7	2	100	0	141	100	142	0	143	[天赐的]碧海之红铃金丝带
52	8	2	100	0	141	100	142	0	143	[天赐的]碧海之红铃金丝带
52	9	2	100	0	141	0	142	100	143	[天赐的]碧海之红铃金丝带
53	5	1	100	95	5	5	6	0	7	[天赐的]碧海之红铃波
53	6	1	100	50	5	50	6	0	7	[天赐的]碧海之红铃波
53	7	1	100	0	5	100	6	0	7	[天赐的]碧海之红铃波
53	8	1	100	0	5	50	6	50	7	[天赐的]碧海之红铃波
53	9	1	100	0	5	0	6	100	7	[天赐的]碧海之红铃波
53	5	2	100	3	107	0	108	0	109	[天赐的]碧海之红铃波
53	6	2	100	95	107	5	108	0	109	[天赐的]碧海之红铃波
53	7	2	100	0	107	100	108	0	109	[天赐的]碧海之红铃波
53	8	2	100	0	107	100	108	0	109	[天赐的]碧海之红铃波
53	9	2	100	0	107	0	108	100	109	[天赐的]碧海之红铃波
54	5	1	100	95	4	5	5	0	6	[天赐的]碧海之纤细指环
54	6	1	100	50	4	50	5	0	6	[天赐的]碧海之纤细指环
54	7	1	100	0	4	100	5	0	6	[天赐的]碧海之纤细指环
54	8	1	100	0	4	50	5	50	6	[天赐的]碧海之纤细指环
54	9	1	100	0	4	0	5	100	6	[天赐的]碧海之纤细指环
54	5	2	100	3	236	0	237	0	238	[天赐的]碧海之纤细指环
54	6	2	100	95	236	5	237	0	238	[天赐的]碧海之纤细指环
54	7	2	100	0	236	100	237	0	238	[天赐的]碧海之纤细指环
54	8	2	100	0	236	100	237	0	238	[天赐的]碧海之纤细指环
54	9	2	100	0	236	0	237	100	238	[天赐的]碧海之纤细指环
55	5	1	100	95	4	5	5	0	6	[天赐的]幽胧之金蛇发带
55	6	1	100	50	4	50	5	0	6	[天赐的]幽胧之金蛇发带
55	7	1	100	0	4	100	5	0	6	[天赐的]幽胧之金蛇发带
55	8	1	100	0	4	50	5	50	6	[天赐的]幽胧之金蛇发带
55	9	1	100	0	4	0	5	100	6	[天赐的]幽胧之金蛇发带
55	5	2	100	3	80	0	81	0	82	[天赐的]幽胧之金蛇发带
55	6	2	100	95	80	5	81	0	82	[天赐的]幽胧之金蛇发带
55	7	2	100	0	80	100	81	0	82	[天赐的]幽胧之金蛇发带
55	8	2	100	0	80	100	81	0	82	[天赐的]幽胧之金蛇发带
55	9	2	100	0	80	0	81	100	82	[天赐的]幽胧之金蛇发带
56	5	1	100	95	4	5	5	0	6	[天赐的]幽胧之赤蝎秘装
56	6	1	100	50	4	50	5	0	6	[天赐的]幽胧之赤蝎秘装
56	7	1	100	0	4	100	5	0	6	[天赐的]幽胧之赤蝎秘装
56	8	1	100	0	4	50	5	50	6	[天赐的]幽胧之赤蝎秘装
56	9	1	100	0	4	0	5	100	6	[天赐的]幽胧之赤蝎秘装
56	5	2	100	3	80	0	81	0	82	[天赐的]幽胧之赤蝎秘装
56	6	2	100	95	80	5	81	0	82	[天赐的]幽胧之赤蝎秘装
56	7	2	100	0	80	100	81	0	82	[天赐的]幽胧之赤蝎秘装
56	8	2	100	0	80	100	81	0	82	[天赐的]幽胧之赤蝎秘装
56	9	2	100	0	80	0	81	100	82	[天赐的]幽胧之赤蝎秘装
57	5	1	100	95	4	5	5	0	6	[天赐的]幽胧之青蜈缠腰
57	6	1	100	50	4	50	5	0	6	[天赐的]幽胧之青蜈缠腰
57	7	1	100	0	4	100	5	0	6	[天赐的]幽胧之青蜈缠腰
57	8	1	100	0	4	50	5	50	6	[天赐的]幽胧之青蜈缠腰
57	9	1	100	0	4	0	5	100	6	[天赐的]幽胧之青蜈缠腰
57	5	2	100	3	230	0	231	0	232	[天赐的]幽胧之青蜈缠腰
57	6	2	100	95	230	5	231	0	232	[天赐的]幽胧之青蜈缠腰
57	7	2	100	0	230	100	231	0	232	[天赐的]幽胧之青蜈缠腰
57	8	2	100	0	230	100	231	0	232	[天赐的]幽胧之青蜈缠腰
57	9	2	100	0	230	0	231	100	232	[天赐的]幽胧之青蜈缠腰
58	5	1	100	95	40	5	41	0	42	[天赐的]幽胧之银蟾护手
58	6	1	100	50	40	50	41	0	42	[天赐的]幽胧之银蟾护手
58	7	1	100	0	40	100	41	0	42	[天赐的]幽胧之银蟾护手
58	8	1	100	0	40	50	41	50	42	[天赐的]幽胧之银蟾护手
58	9	1	100	0	40	0	41	100	42	[天赐的]幽胧之银蟾护手
58	5	2	100	3	227	0	228	0	229	[天赐的]幽胧之银蟾护手
58	6	2	100	95	227	5	228	0	229	[天赐的]幽胧之银蟾护手
58	7	2	100	0	227	100	228	0	229	[天赐的]幽胧之银蟾护手
58	8	2	100	0	227	100	228	0	229	[天赐的]幽胧之银蟾护手
58	9	2	100	0	227	0	228	100	229	[天赐的]幽胧之银蟾护手
59	5	1	100	95	4	5	5	0	6	[天赐的]幽胧之墨蛛软履
59	6	1	100	50	4	50	5	0	6	[天赐的]幽胧之墨蛛软履
59	7	1	100	0	4	100	5	0	6	[天赐的]幽胧之墨蛛软履
59	8	1	100	0	4	50	5	50	6	[天赐的]幽胧之墨蛛软履
59	9	1	100	0	4	0	5	100	6	[天赐的]幽胧之墨蛛软履
59	5	2	100	3	41	0	42	0	43	[天赐的]幽胧之墨蛛软履
59	6	2	100	95	41	5	42	0	43	[天赐的]幽胧之墨蛛软履
59	7	2	100	0	41	100	42	0	43	[天赐的]幽胧之墨蛛软履
59	8	2	100	0	41	100	42	0	43	[天赐的]幽胧之墨蛛软履
59	9	2	100	0	41	0	42	100	43	[天赐的]幽胧之墨蛛软履
60	5	1	100	95	23	5	24	0	25	[天赐的]冥幻之邪刹毒刃
60	6	1	100	50	23	50	24	0	25	[天赐的]冥幻之邪刹毒刃
60	7	1	100	0	23	100	24	0	25	[天赐的]冥幻之邪刹毒刃
60	8	1	100	0	23	50	24	50	25	[天赐的]冥幻之邪刹毒刃
60	9	1	100	0	23	0	24	100	25	[天赐的]冥幻之邪刹毒刃
60	5	2	100	3	20	0	21	0	22	[天赐的]冥幻之邪刹毒刃
60	6	2	100	95	20	5	21	0	22	[天赐的]冥幻之邪刹毒刃
60	7	2	100	0	20	100	21	0	22	[天赐的]冥幻之邪刹毒刃
60	8	2	100	0	20	100	21	0	22	[天赐的]冥幻之邪刹毒刃
60	9	2	100	0	20	0	21	100	22	[天赐的]冥幻之邪刹毒刃
61	5	1	100	95	4	5	5	0	6	[天赐的]冥幻之幽蛊暗衣
61	6	1	100	50	4	50	5	0	6	[天赐的]冥幻之幽蛊暗衣
61	7	1	100	0	4	100	5	0	6	[天赐的]冥幻之幽蛊暗衣
61	8	1	100	0	4	50	5	50	6	[天赐的]冥幻之幽蛊暗衣
61	9	1	100	0	4	0	5	100	6	[天赐的]冥幻之幽蛊暗衣
61	5	2	100	3	224	0	225	0	226	[天赐的]冥幻之幽蛊暗衣
61	6	2	100	95	224	5	225	0	226	[天赐的]冥幻之幽蛊暗衣
61	7	2	100	0	224	100	225	0	226	[天赐的]冥幻之幽蛊暗衣
61	8	2	100	0	224	100	225	0	226	[天赐的]冥幻之幽蛊暗衣
61	9	2	100	0	224	0	225	100	226	[天赐的]冥幻之幽蛊暗衣
62	5	1	100	95	4	5	5	0	6	[天赐的]冥幻之毒蝎指环
62	6	1	100	50	4	50	5	0	6	[天赐的]冥幻之毒蝎指环
62	7	1	100	0	4	100	5	0	6	[天赐的]冥幻之毒蝎指环
62	8	1	100	0	4	50	5	50	6	[天赐的]冥幻之毒蝎指环
62	9	1	100	0	4	0	5	100	6	[天赐的]冥幻之毒蝎指环
62	5	2	100	3	221	0	222	0	223	[天赐的]冥幻之毒蝎指环
62	6	2	100	95	221	5	222	0	223	[天赐的]冥幻之毒蝎指环
62	7	2	100	0	221	100	222	0	223	[天赐的]冥幻之毒蝎指环
62	8	2	100	0	221	100	222	0	223	[天赐的]冥幻之毒蝎指环
62	9	2	100	0	221	0	222	100	223	[天赐的]冥幻之毒蝎指环
63	5	1	100	95	4	5	5	0	6	[天赐的]冥幻之腐骨护腕
63	6	1	100	50	4	50	5	0	6	[天赐的]冥幻之腐骨护腕
63	7	1	100	0	4	100	5	0	6	[天赐的]冥幻之腐骨护腕
63	8	1	100	0	4	50	5	50	6	[天赐的]冥幻之腐骨护腕
63	9	1	100	0	4	0	5	100	6	[天赐的]冥幻之腐骨护腕
63	5	2	100	3	77	0	78	0	79	[天赐的]冥幻之腐骨护腕
63	6	2	100	95	77	5	78	0	79	[天赐的]冥幻之腐骨护腕
63	7	2	100	0	77	100	78	0	79	[天赐的]冥幻之腐骨护腕
63	8	2	100	0	77	100	78	0	79	[天赐的]冥幻之腐骨护腕
63	9	2	100	0	77	0	78	100	79	[天赐的]冥幻之腐骨护腕
64	5	1	100	95	4	5	5	0	6	[天赐的]冥幻之双环蛇扣
64	6	1	100	50	4	50	5	0	6	[天赐的]冥幻之双环蛇扣
64	7	1	100	0	4	100	5	0	6	[天赐的]冥幻之双环蛇扣
64	8	1	100	0	4	50	5	50	6	[天赐的]冥幻之双环蛇扣
64	9	1	100	0	4	0	5	100	6	[天赐的]冥幻之双环蛇扣
64	5	2	100	3	77	0	78	0	79	[天赐的]冥幻之双环蛇扣
64	6	2	100	95	77	5	78	0	79	[天赐的]冥幻之双环蛇扣
64	7	2	100	0	77	100	78	0	79	[天赐的]冥幻之双环蛇扣
64	8	2	100	0	77	100	78	0	79	[天赐的]冥幻之双环蛇扣
64	9	2	100	0	77	0	78	100	79	[天赐的]冥幻之双环蛇扣
67	5	1	100	95	4	5	5	0	6	[天赐的]咒缚之幽幻指环
67	6	1	100	50	4	50	5	0	6	[天赐的]咒缚之幽幻指环
67	7	1	100	0	4	100	5	0	6	[天赐的]咒缚之幽幻指环
67	8	1	100	0	4	50	5	50	6	[天赐的]咒缚之幽幻指环
67	9	1	100	0	4	0	5	100	6	[天赐的]咒缚之幽幻指环
67	5	2	100	3	218	0	219	0	220	[天赐的]咒缚之幽幻指环
67	6	2	100	95	218	5	219	0	220	[天赐的]咒缚之幽幻指环
67	7	2	100	0	218	100	219	0	220	[天赐的]咒缚之幽幻指环
67	8	2	100	0	218	100	219	0	220	[天赐的]咒缚之幽幻指环
67	9	2	100	0	218	0	219	100	220	[天赐的]咒缚之幽幻指环
70	5	1	100	95	23	5	24	0	25	[天赐的]冰寒之弹指飞刀
70	6	1	100	50	23	50	24	0	25	[天赐的]冰寒之弹指飞刀
70	7	1	100	0	23	100	24	0	25	[天赐的]冰寒之弹指飞刀
70	8	1	100	0	23	50	24	50	25	[天赐的]冰寒之弹指飞刀
70	9	1	100	0	23	0	24	100	25	[天赐的]冰寒之弹指飞刀
70	5	2	100	3	20	0	21	0	22	[天赐的]冰寒之弹指飞刀
70	6	2	100	95	20	5	21	0	22	[天赐的]冰寒之弹指飞刀
70	7	2	100	0	20	100	21	0	22	[天赐的]冰寒之弹指飞刀
70	8	2	100	0	20	100	21	0	22	[天赐的]冰寒之弹指飞刀
70	9	2	100	0	20	0	21	100	22	[天赐的]冰寒之弹指飞刀
71	5	1	100	95	4	5	5	0	6	[天赐的]冰寒之玄衣束甲
71	6	1	100	50	4	50	5	0	6	[天赐的]冰寒之玄衣束甲
71	7	1	100	0	4	100	5	0	6	[天赐的]冰寒之玄衣束甲
71	8	1	100	0	4	50	5	50	6	[天赐的]冰寒之玄衣束甲
71	9	1	100	0	4	0	5	100	6	[天赐的]冰寒之玄衣束甲
71	5	2	100	3	200	0	201	0	202	[天赐的]冰寒之玄衣束甲
71	6	2	100	95	200	5	201	0	202	[天赐的]冰寒之玄衣束甲
71	7	2	100	0	200	100	201	0	202	[天赐的]冰寒之玄衣束甲
71	8	2	100	0	200	100	201	0	202	[天赐的]冰寒之玄衣束甲
71	9	2	100	0	200	0	201	100	202	[天赐的]冰寒之玄衣束甲
72	5	1	100	95	5	5	6	0	7	[天赐的]冰寒之心箭腰扣
72	6	1	100	50	5	50	6	0	7	[天赐的]冰寒之心箭腰扣
72	7	1	100	0	5	100	6	0	7	[天赐的]冰寒之心箭腰扣
72	8	1	100	0	5	50	6	50	7	[天赐的]冰寒之心箭腰扣
72	9	1	100	0	5	0	6	100	7	[天赐的]冰寒之心箭腰扣
72	5	2	100	3	62	0	63	0	64	[天赐的]冰寒之心箭腰扣
72	6	2	100	95	62	5	63	0	64	[天赐的]冰寒之心箭腰扣
72	7	2	100	0	62	100	63	0	64	[天赐的]冰寒之心箭腰扣
72	8	2	100	0	62	100	63	0	64	[天赐的]冰寒之心箭腰扣
72	9	2	100	0	62	0	63	100	64	[天赐的]冰寒之心箭腰扣
73	5	1	100	95	4	5	5	0	6	[天赐的]冰寒之玄天冰火佩
73	6	1	100	50	4	50	5	0	6	[天赐的]冰寒之玄天冰火佩
73	7	1	100	0	4	100	5	0	6	[天赐的]冰寒之玄天冰火佩
73	8	1	100	0	4	50	5	50	6	[天赐的]冰寒之玄天冰火佩
73	9	1	100	0	4	0	5	100	6	[天赐的]冰寒之玄天冰火佩
73	5	2	100	3	197	0	198	0	199	[天赐的]冰寒之玄天冰火佩
73	6	2	100	95	197	5	198	0	199	[天赐的]冰寒之玄天冰火佩
73	7	2	100	0	197	100	198	0	199	[天赐的]冰寒之玄天冰火佩
73	8	2	100	0	197	100	198	0	199	[天赐的]冰寒之玄天冰火佩
73	9	2	100	0	197	0	198	100	199	[天赐的]冰寒之玄天冰火佩
74	5	1	100	95	4	5	5	0	6	[天赐的]冰寒之月影靴
74	6	1	100	50	4	50	5	0	6	[天赐的]冰寒之月影靴
74	7	1	100	0	4	100	5	0	6	[天赐的]冰寒之月影靴
74	8	1	100	0	4	50	5	50	6	[天赐的]冰寒之月影靴
74	9	1	100	0	4	0	5	100	6	[天赐的]冰寒之月影靴
74	5	2	100	3	62	0	63	0	64	[天赐的]冰寒之月影靴
74	6	2	100	95	62	5	63	0	64	[天赐的]冰寒之月影靴
74	7	2	100	0	62	100	63	0	64	[天赐的]冰寒之月影靴
74	8	2	100	0	62	100	63	0	64	[天赐的]冰寒之月影靴
74	9	2	100	0	62	0	63	100	64	[天赐的]冰寒之月影靴
75	5	1	100	95	23	5	24	0	25	[天赐的]天光之花雨漫天
75	6	1	100	50	23	50	24	0	25	[天赐的]天光之花雨漫天
75	7	1	100	0	23	100	24	0	25	[天赐的]天光之花雨漫天
75	8	1	100	0	23	50	24	50	25	[天赐的]天光之花雨漫天
75	9	1	100	0	23	0	24	100	25	[天赐的]天光之花雨漫天
75	5	2	100	3	20	0	21	0	22	[天赐的]天光之花雨漫天
75	6	2	100	95	20	5	21	0	22	[天赐的]天光之花雨漫天
75	7	2	100	0	20	100	21	0	22	[天赐的]天光之花雨漫天
75	8	2	100	0	20	100	21	0	22	[天赐的]天光之花雨漫天
75	9	2	100	0	20	0	21	100	22	[天赐的]天光之花雨漫天
76	5	1	100	95	4	5	5	0	6	[天赐的]天光之定心凝神符
76	6	1	100	50	4	50	5	0	6	[天赐的]天光之定心凝神符
76	7	1	100	0	4	100	5	0	6	[天赐的]天光之定心凝神符
76	8	1	100	0	4	50	5	50	6	[天赐的]天光之定心凝神符
76	9	1	100	0	4	0	5	100	6	[天赐的]天光之定心凝神符
76	5	2	100	3	68	0	69	0	70	[天赐的]天光之定心凝神符
76	6	2	100	95	68	5	69	0	70	[天赐的]天光之定心凝神符
76	7	2	100	0	68	100	69	0	70	[天赐的]天光之定心凝神符
76	8	2	100	0	68	100	69	0	70	[天赐的]天光之定心凝神符
76	9	2	100	0	68	0	69	100	70	[天赐的]天光之定心凝神符
77	5	1	100	95	5	5	6	0	7	[天赐的]天光之森罗束腰
77	6	1	100	50	5	50	6	0	7	[天赐的]天光之森罗束腰
77	7	1	100	0	5	100	6	0	7	[天赐的]天光之森罗束腰
77	8	1	100	0	5	50	6	50	7	[天赐的]天光之森罗束腰
77	9	1	100	0	5	0	6	100	7	[天赐的]天光之森罗束腰
77	5	2	100	3	212	0	213	0	214	[天赐的]天光之森罗束腰
77	6	2	100	95	212	5	213	0	214	[天赐的]天光之森罗束腰
77	7	2	100	0	212	100	213	0	214	[天赐的]天光之森罗束腰
77	8	2	100	0	212	100	213	0	214	[天赐的]天光之森罗束腰
77	9	2	100	0	212	0	213	100	214	[天赐的]天光之森罗束腰
78	5	1	100	95	4	5	5	0	6	[天赐的]天光之地行千里靴
78	6	1	100	50	4	50	5	0	6	[天赐的]天光之地行千里靴
78	7	1	100	0	4	100	5	0	6	[天赐的]天光之地行千里靴
78	8	1	100	0	4	50	5	50	6	[天赐的]天光之地行千里靴
78	9	1	100	0	4	0	5	100	6	[天赐的]天光之地行千里靴
78	5	2	100	3	215	0	216	0	217	[天赐的]天光之地行千里靴
78	6	2	100	95	215	5	216	0	217	[天赐的]天光之地行千里靴
78	7	2	100	0	215	100	216	0	217	[天赐的]天光之地行千里靴
78	8	2	100	0	215	100	216	0	217	[天赐的]天光之地行千里靴
78	9	2	100	0	215	0	216	100	217	[天赐的]天光之地行千里靴
79	5	1	100	95	4	5	5	0	6	[天赐的]天光之束天缚地环
79	6	1	100	50	4	50	5	0	6	[天赐的]天光之束天缚地环
79	7	1	100	0	4	100	5	0	6	[天赐的]天光之束天缚地环
79	8	1	100	0	4	50	5	50	6	[天赐的]天光之束天缚地环
79	9	1	100	0	4	0	5	100	6	[天赐的]天光之束天缚地环
79	5	2	100	3	215	0	216	0	217	[天赐的]天光之束天缚地环
79	6	2	100	95	215	5	216	0	217	[天赐的]天光之束天缚地环
79	7	2	100	0	215	100	216	0	217	[天赐的]天光之束天缚地环
79	8	2	100	0	215	100	216	0	217	[天赐的]天光之束天缚地环
79	9	2	100	0	215	0	216	100	217	[天赐的]天光之束天缚地环
80	5	1	100	95	23	5	24	0	25	[天赐的]森荒之飞星夺魂
80	6	1	100	50	23	50	24	0	25	[天赐的]森荒之飞星夺魂
80	7	1	100	0	23	100	24	0	25	[天赐的]森荒之飞星夺魂
80	8	1	100	0	23	50	24	50	25	[天赐的]森荒之飞星夺魂
80	9	1	100	0	23	0	24	100	25	[天赐的]森荒之飞星夺魂
80	5	2	100	3	20	0	21	0	22	[天赐的]森荒之飞星夺魂
80	6	2	100	95	20	5	21	0	22	[天赐的]森荒之飞星夺魂
80	7	2	100	0	20	100	21	0	22	[天赐的]森荒之飞星夺魂
80	8	2	100	0	20	100	21	0	22	[天赐的]森荒之飞星夺魂
80	9	2	100	0	20	0	21	100	22	[天赐的]森荒之飞星夺魂
81	5	1	100	95	4	5	5	0	6	[天赐的]森荒之金钱连环甲
81	6	1	100	50	4	50	5	0	6	[天赐的]森荒之金钱连环甲
81	7	1	100	0	4	100	5	0	6	[天赐的]森荒之金钱连环甲
81	8	1	100	0	4	50	5	50	6	[天赐的]森荒之金钱连环甲
81	9	1	100	0	4	0	5	100	6	[天赐的]森荒之金钱连环甲
81	5	2	100	3	65	0	66	0	67	[天赐的]森荒之金钱连环甲
81	6	2	100	95	65	5	66	0	67	[天赐的]森荒之金钱连环甲
81	7	2	100	0	65	100	66	0	67	[天赐的]森荒之金钱连环甲
81	8	2	100	0	65	100	66	0	67	[天赐的]森荒之金钱连环甲
81	9	2	100	0	65	0	66	100	67	[天赐的]森荒之金钱连环甲
82	5	1	100	95	5	5	6	0	7	[天赐的]森荒之魂咬腰束
82	6	1	100	50	5	50	6	0	7	[天赐的]森荒之魂咬腰束
82	7	1	100	0	5	100	6	0	7	[天赐的]森荒之魂咬腰束
82	8	1	100	0	5	50	6	50	7	[天赐的]森荒之魂咬腰束
82	9	1	100	0	5	0	6	100	7	[天赐的]森荒之魂咬腰束
82	5	2	100	3	65	0	66	0	67	[天赐的]森荒之魂咬腰束
82	6	2	100	95	65	5	66	0	67	[天赐的]森荒之魂咬腰束
82	7	2	100	0	65	100	66	0	67	[天赐的]森荒之魂咬腰束
82	8	2	100	0	65	100	66	0	67	[天赐的]森荒之魂咬腰束
82	9	2	100	0	65	0	66	100	67	[天赐的]森荒之魂咬腰束
83	5	1	100	95	4	5	5	0	6	[天赐的]森荒之玄铁镶玉佩
83	6	1	100	50	4	50	5	0	6	[天赐的]森荒之玄铁镶玉佩
83	7	1	100	0	4	100	5	0	6	[天赐的]森荒之玄铁镶玉佩
83	8	1	100	0	4	50	5	50	6	[天赐的]森荒之玄铁镶玉佩
83	9	1	100	0	4	0	5	100	6	[天赐的]森荒之玄铁镶玉佩
83	5	2	100	3	206	0	207	0	208	[天赐的]森荒之玄铁镶玉佩
83	6	2	100	95	206	5	207	0	208	[天赐的]森荒之玄铁镶玉佩
83	7	2	100	0	206	100	207	0	208	[天赐的]森荒之玄铁镶玉佩
83	8	2	100	0	206	100	207	0	208	[天赐的]森荒之玄铁镶玉佩
83	9	2	100	0	206	0	207	100	208	[天赐的]森荒之玄铁镶玉佩
84	5	1	100	95	4	5	5	0	6	[天赐的]森荒之星陨飞履
84	6	1	100	50	4	50	5	0	6	[天赐的]森荒之星陨飞履
84	7	1	100	0	4	100	5	0	6	[天赐的]森荒之星陨飞履
84	8	1	100	0	4	50	5	50	6	[天赐的]森荒之星陨飞履
84	9	1	100	0	4	0	5	100	6	[天赐的]森荒之星陨飞履
84	5	2	100	3	209	0	210	0	211	[天赐的]森荒之星陨飞履
84	6	2	100	95	209	5	210	0	211	[天赐的]森荒之星陨飞履
84	7	2	100	0	209	100	210	0	211	[天赐的]森荒之星陨飞履
84	8	2	100	0	209	100	210	0	211	[天赐的]森荒之星陨飞履
84	9	2	100	0	209	0	210	100	211	[天赐的]森荒之星陨飞履
87	5	1	100	95	4	5	5	0	6	[天赐的]地魄之霹雳雷火戒
87	6	1	100	50	4	50	5	0	6	[天赐的]地魄之霹雳雷火戒
87	7	1	100	0	4	100	5	0	6	[天赐的]地魄之霹雳雷火戒
87	8	1	100	0	4	50	5	50	6	[天赐的]地魄之霹雳雷火戒
87	9	1	100	0	4	0	5	100	6	[天赐的]地魄之霹雳雷火戒
87	5	2	100	3	203	0	204	0	205	[天赐的]地魄之霹雳雷火戒
87	6	2	100	95	203	5	204	0	205	[天赐的]地魄之霹雳雷火戒
87	7	2	100	0	203	100	204	0	205	[天赐的]地魄之霹雳雷火戒
87	8	2	100	0	203	100	204	0	205	[天赐的]地魄之霹雳雷火戒
87	9	2	100	0	203	0	204	100	205	[天赐的]地魄之霹雳雷火戒
90	5	1	100	95	4	5	5	0	6	[天赐的]同仇之御龙玉佩
90	6	1	100	50	4	50	5	0	6	[天赐的]同仇之御龙玉佩
90	7	1	100	0	4	100	5	0	6	[天赐的]同仇之御龙玉佩
90	8	1	100	0	4	50	5	50	6	[天赐的]同仇之御龙玉佩
90	9	1	100	0	4	0	5	100	6	[天赐的]同仇之御龙玉佩
90	5	2	100	3	53	0	54	0	55	[天赐的]同仇之御龙玉佩
90	6	2	100	95	53	5	54	0	55	[天赐的]同仇之御龙玉佩
90	7	2	100	0	53	100	54	0	55	[天赐的]同仇之御龙玉佩
90	8	2	100	0	53	100	54	0	55	[天赐的]同仇之御龙玉佩
90	9	2	100	0	53	0	54	100	55	[天赐的]同仇之御龙玉佩
91	5	1	100	95	31	5	34	0	35	[天赐的]同仇之降龙丐衣
91	6	1	100	50	31	50	34	0	35	[天赐的]同仇之降龙丐衣
91	7	1	100	0	31	100	34	0	35	[天赐的]同仇之降龙丐衣
91	8	1	100	0	31	50	34	50	35	[天赐的]同仇之降龙丐衣
91	9	1	100	0	31	0	34	100	35	[天赐的]同仇之降龙丐衣
91	5	2	100	3	33	0	14	0	15	[天赐的]同仇之降龙丐衣
91	6	2	100	95	33	5	14	0	15	[天赐的]同仇之降龙丐衣
91	7	2	100	0	33	100	14	0	15	[天赐的]同仇之降龙丐衣
91	8	2	100	0	33	100	14	0	15	[天赐的]同仇之降龙丐衣
91	9	2	100	0	33	0	14	100	15	[天赐的]同仇之降龙丐衣
92	5	1	100	95	4	5	5	0	6	[天赐的]同仇之潜龙腰带
92	6	1	100	50	4	50	5	0	6	[天赐的]同仇之潜龙腰带
92	7	1	100	0	4	100	5	0	6	[天赐的]同仇之潜龙腰带
92	8	1	100	0	4	50	5	50	6	[天赐的]同仇之潜龙腰带
92	9	1	100	0	4	0	5	100	6	[天赐的]同仇之潜龙腰带
92	5	2	100	3	53	0	54	0	55	[天赐的]同仇之潜龙腰带
92	6	2	100	95	53	5	54	0	55	[天赐的]同仇之潜龙腰带
92	7	2	100	0	53	100	54	0	55	[天赐的]同仇之潜龙腰带
92	8	2	100	0	53	100	54	0	55	[天赐的]同仇之潜龙腰带
92	9	2	100	0	53	0	54	100	55	[天赐的]同仇之潜龙腰带
93	5	1	100	95	4	5	5	0	6	[天赐的]同仇之亢龙护手
93	6	1	100	50	4	50	5	0	6	[天赐的]同仇之亢龙护手
93	7	1	100	0	4	100	5	0	6	[天赐的]同仇之亢龙护手
93	8	1	100	0	4	50	5	50	6	[天赐的]同仇之亢龙护手
93	9	1	100	0	4	0	5	100	6	[天赐的]同仇之亢龙护手
93	5	2	100	3	150	0	151	0	152	[天赐的]同仇之亢龙护手
93	6	2	100	95	150	5	151	0	152	[天赐的]同仇之亢龙护手
93	7	2	100	0	150	100	151	0	152	[天赐的]同仇之亢龙护手
93	8	2	100	0	150	100	151	0	152	[天赐的]同仇之亢龙护手
93	9	2	100	0	150	0	151	100	152	[天赐的]同仇之亢龙护手
94	5	1	100	95	4	5	5	0	6	[天赐的]同仇之见龙扳指
94	6	1	100	50	4	50	5	0	6	[天赐的]同仇之见龙扳指
94	7	1	100	0	4	100	5	0	6	[天赐的]同仇之见龙扳指
94	8	1	100	0	4	50	5	50	6	[天赐的]同仇之见龙扳指
94	9	1	100	0	4	0	5	100	6	[天赐的]同仇之见龙扳指
94	5	2	100	3	248	0	249	0	250	[天赐的]同仇之见龙扳指
94	6	2	100	95	248	5	249	0	250	[天赐的]同仇之见龙扳指
94	7	2	100	0	248	100	249	0	250	[天赐的]同仇之见龙扳指
94	8	2	100	0	248	100	249	0	250	[天赐的]同仇之见龙扳指
94	9	2	100	0	248	0	249	100	250	[天赐的]同仇之见龙扳指
95	5	1	100	95	23	5	24	0	25	[天赐的]敌忾之绿玉杖
95	6	1	100	50	23	50	24	0	25	[天赐的]敌忾之绿玉杖
95	7	1	100	0	23	100	24	0	25	[天赐的]敌忾之绿玉杖
95	8	1	100	0	23	50	24	50	25	[天赐的]敌忾之绿玉杖
95	9	1	100	0	23	0	24	100	25	[天赐的]敌忾之绿玉杖
95	5	2	100	3	20	0	21	0	22	[天赐的]敌忾之绿玉杖
95	6	2	100	95	20	5	21	0	22	[天赐的]敌忾之绿玉杖
95	7	2	100	0	20	100	21	0	22	[天赐的]敌忾之绿玉杖
95	8	2	100	0	20	100	21	0	22	[天赐的]敌忾之绿玉杖
95	9	2	100	0	20	0	21	100	22	[天赐的]敌忾之绿玉杖
96	5	1	100	95	4	5	5	0	6	[天赐的]敌忾之九袋丐衣
96	6	1	100	50	4	50	5	0	6	[天赐的]敌忾之九袋丐衣
96	7	1	100	0	4	100	5	0	6	[天赐的]敌忾之九袋丐衣
96	8	1	100	0	4	50	5	50	6	[天赐的]敌忾之九袋丐衣
96	9	1	100	0	4	0	5	100	6	[天赐的]敌忾之九袋丐衣
96	5	2	100	3	50	0	51	0	52	[天赐的]敌忾之九袋丐衣
96	6	2	100	95	50	5	51	0	52	[天赐的]敌忾之九袋丐衣
96	7	2	100	0	50	100	51	0	52	[天赐的]敌忾之九袋丐衣
96	8	2	100	0	50	100	51	0	52	[天赐的]敌忾之九袋丐衣
96	9	2	100	0	50	0	51	100	52	[天赐的]敌忾之九袋丐衣
97	5	1	100	95	4	5	5	0	6	[天赐的]敌忾之缠莽腰带
97	6	1	100	50	4	50	5	0	6	[天赐的]敌忾之缠莽腰带
97	7	1	100	0	4	100	5	0	6	[天赐的]敌忾之缠莽腰带
97	8	1	100	0	4	50	5	50	6	[天赐的]敌忾之缠莽腰带
97	9	1	100	0	4	0	5	100	6	[天赐的]敌忾之缠莽腰带
97	5	2	100	3	245	0	246	0	247	[天赐的]敌忾之缠莽腰带
97	6	2	100	95	245	5	246	0	247	[天赐的]敌忾之缠莽腰带
97	7	2	100	0	245	100	246	0	247	[天赐的]敌忾之缠莽腰带
97	8	2	100	0	245	100	246	0	247	[天赐的]敌忾之缠莽腰带
97	9	2	100	0	245	0	246	100	247	[天赐的]敌忾之缠莽腰带
98	5	1	100	95	4	5	5	0	6	[天赐的]敌忾之狗脊皮护腕
98	6	1	100	50	4	50	5	0	6	[天赐的]敌忾之狗脊皮护腕
98	7	1	100	0	4	100	5	0	6	[天赐的]敌忾之狗脊皮护腕
98	8	1	100	0	4	50	5	50	6	[天赐的]敌忾之狗脊皮护腕
98	9	1	100	0	4	0	5	100	6	[天赐的]敌忾之狗脊皮护腕
98	5	2	100	3	50	0	51	0	52	[天赐的]敌忾之狗脊皮护腕
98	6	2	100	95	50	5	51	0	52	[天赐的]敌忾之狗脊皮护腕
98	7	2	100	0	50	100	51	0	52	[天赐的]敌忾之狗脊皮护腕
98	8	2	100	0	50	100	51	0	52	[天赐的]敌忾之狗脊皮护腕
98	9	2	100	0	50	0	51	100	52	[天赐的]敌忾之狗脊皮护腕
99	5	1	100	95	4	5	5	0	6	[天赐的]敌忾之草间石戒
99	6	1	100	50	4	50	5	0	6	[天赐的]敌忾之草间石戒
99	7	1	100	0	4	100	5	0	6	[天赐的]敌忾之草间石戒
99	8	1	100	0	4	50	5	50	6	[天赐的]敌忾之草间石戒
99	9	1	100	0	4	0	5	100	6	[天赐的]敌忾之草间石戒
99	5	2	100	3	242	0	243	0	244	[天赐的]敌忾之草间石戒
99	6	2	100	95	242	5	243	0	244	[天赐的]敌忾之草间石戒
99	7	2	100	0	242	100	243	0	244	[天赐的]敌忾之草间石戒
99	8	2	100	0	242	100	243	0	244	[天赐的]敌忾之草间石戒
99	9	2	100	0	242	0	243	100	244	[天赐的]敌忾之草间石戒
100	5	1	100	95	23	5	24	0	25	[天赐的]魔煞之鬼谷幽冥枪
100	6	1	100	50	23	50	24	0	25	[天赐的]魔煞之鬼谷幽冥枪
100	7	1	100	0	23	100	24	0	25	[天赐的]魔煞之鬼谷幽冥枪
100	8	1	100	0	23	50	24	50	25	[天赐的]魔煞之鬼谷幽冥枪
100	9	1	100	0	23	0	24	100	25	[天赐的]魔煞之鬼谷幽冥枪
100	5	2	100	3	20	0	21	0	22	[天赐的]魔煞之鬼谷幽冥枪
100	6	2	100	95	20	5	21	0	22	[天赐的]魔煞之鬼谷幽冥枪
100	7	2	100	0	20	100	21	0	22	[天赐的]魔煞之鬼谷幽冥枪
100	8	2	100	0	20	100	21	0	22	[天赐的]魔煞之鬼谷幽冥枪
100	9	2	100	0	20	0	21	100	22	[天赐的]魔煞之鬼谷幽冥枪
101	5	1	100	95	4	5	5	0	6	[天赐的]魔煞之残阳映血甲
101	6	1	100	50	4	50	5	0	6	[天赐的]魔煞之残阳映血甲
101	7	1	100	0	4	100	5	0	6	[天赐的]魔煞之残阳映血甲
101	8	1	100	0	4	50	5	50	6	[天赐的]魔煞之残阳映血甲
101	9	1	100	0	4	0	5	100	6	[天赐的]魔煞之残阳映血甲
101	5	2	100	3	83	0	84	0	85	[天赐的]魔煞之残阳映血甲
101	6	2	100	95	83	5	84	0	85	[天赐的]魔煞之残阳映血甲
101	7	2	100	0	83	100	84	0	85	[天赐的]魔煞之残阳映血甲
101	8	2	100	0	83	100	84	0	85	[天赐的]魔煞之残阳映血甲
101	9	2	100	0	83	0	84	100	85	[天赐的]魔煞之残阳映血甲
102	5	1	100	95	5	5	6	0	7	[天赐的]魔煞之赤骥锁腰扣
102	6	1	100	50	5	50	6	0	7	[天赐的]魔煞之赤骥锁腰扣
102	7	1	100	0	5	100	6	0	7	[天赐的]魔煞之赤骥锁腰扣
102	8	1	100	0	5	50	6	50	7	[天赐的]魔煞之赤骥锁腰扣
102	9	1	100	0	5	0	6	100	7	[天赐的]魔煞之赤骥锁腰扣
102	5	2	100	3	257	0	258	0	259	[天赐的]魔煞之赤骥锁腰扣
102	6	2	100	95	257	5	258	0	259	[天赐的]魔煞之赤骥锁腰扣
102	7	2	100	0	257	100	258	0	259	[天赐的]魔煞之赤骥锁腰扣
102	8	2	100	0	257	100	258	0	259	[天赐的]魔煞之赤骥锁腰扣
102	9	2	100	0	257	0	258	100	259	[天赐的]魔煞之赤骥锁腰扣
103	5	1	100	95	4	5	5	0	6	[天赐的]魔煞之举火燎天环
103	6	1	100	50	4	50	5	0	6	[天赐的]魔煞之举火燎天环
103	7	1	100	0	4	100	5	0	6	[天赐的]魔煞之举火燎天环
103	8	1	100	0	4	50	5	50	6	[天赐的]魔煞之举火燎天环
103	9	1	100	0	4	0	5	100	6	[天赐的]魔煞之举火燎天环
103	5	2	100	3	83	0	84	0	85	[天赐的]魔煞之举火燎天环
103	6	2	100	95	83	5	84	0	85	[天赐的]魔煞之举火燎天环
103	7	2	100	0	83	100	84	0	85	[天赐的]魔煞之举火燎天环
103	8	2	100	0	83	100	84	0	85	[天赐的]魔煞之举火燎天环
103	9	2	100	0	83	0	84	100	85	[天赐的]魔煞之举火燎天环
104	5	1	100	95	4	5	5	0	6	[天赐的]魔煞之云龙吐珠戒
104	6	1	100	50	4	50	5	0	6	[天赐的]魔煞之云龙吐珠戒
104	7	1	100	0	4	100	5	0	6	[天赐的]魔煞之云龙吐珠戒
104	8	1	100	0	4	50	5	50	6	[天赐的]魔煞之云龙吐珠戒
104	9	1	100	0	4	0	5	100	6	[天赐的]魔煞之云龙吐珠戒
104	5	2	100	3	254	0	255	0	256	[天赐的]魔煞之云龙吐珠戒
104	6	2	100	95	254	5	255	0	256	[天赐的]魔煞之云龙吐珠戒
104	7	2	100	0	254	100	255	0	256	[天赐的]魔煞之云龙吐珠戒
104	8	2	100	0	254	100	255	0	256	[天赐的]魔煞之云龙吐珠戒
104	9	2	100	0	254	0	255	100	256	[天赐的]魔煞之云龙吐珠戒
108	5	1	100	95	4	5	5	0	6	[天赐的]魔煌之血衣兽镯
108	6	1	100	50	4	50	5	0	6	[天赐的]魔煌之血衣兽镯
108	7	1	100	0	4	100	5	0	6	[天赐的]魔煌之血衣兽镯
108	8	1	100	0	4	50	5	50	6	[天赐的]魔煌之血衣兽镯
108	9	1	100	0	4	0	5	100	6	[天赐的]魔煌之血衣兽镯
108	5	2	100	3	251	0	252	0	253	[天赐的]魔煌之血衣兽镯
108	6	2	100	95	251	5	252	0	253	[天赐的]魔煌之血衣兽镯
108	7	2	100	0	251	100	252	0	253	[天赐的]魔煌之血衣兽镯
108	8	2	100	0	251	100	252	0	253	[天赐的]魔煌之血衣兽镯
108	9	2	100	0	251	0	252	100	253	[天赐的]魔煌之血衣兽镯
110	5	1	100	95	4	5	5	0	6	[天赐的]魔嗜之烈焰冠冕
110	6	1	100	50	4	50	5	0	6	[天赐的]魔嗜之烈焰冠冕
110	7	1	100	0	4	100	5	0	6	[天赐的]魔嗜之烈焰冠冕
110	8	1	100	0	4	50	5	50	6	[天赐的]魔嗜之烈焰冠冕
110	9	1	100	0	4	0	5	100	6	[天赐的]魔嗜之烈焰冠冕
110	5	2	100	3	263	0	264	0	265	[天赐的]魔嗜之烈焰冠冕
110	6	2	100	95	263	5	264	0	265	[天赐的]魔嗜之烈焰冠冕
110	7	2	100	0	263	100	264	0	265	[天赐的]魔嗜之烈焰冠冕
110	8	2	100	0	263	100	264	0	265	[天赐的]魔嗜之烈焰冠冕
110	9	2	100	0	263	0	264	100	265	[天赐的]魔嗜之烈焰冠冕
111	5	1	100	95	4	5	5	0	6	[天赐的]魔嗜之厉魔噬心带
111	6	1	100	50	4	50	5	0	6	[天赐的]魔嗜之厉魔噬心带
111	7	1	100	0	4	100	5	0	6	[天赐的]魔嗜之厉魔噬心带
111	8	1	100	0	4	50	5	50	6	[天赐的]魔嗜之厉魔噬心带
111	9	1	100	0	4	0	5	100	6	[天赐的]魔嗜之厉魔噬心带
111	5	2	100	3	86	0	87	0	88	[天赐的]魔嗜之厉魔噬心带
111	6	2	100	95	86	5	87	0	88	[天赐的]魔嗜之厉魔噬心带
111	7	2	100	0	86	100	87	0	88	[天赐的]魔嗜之厉魔噬心带
111	8	2	100	0	86	100	87	0	88	[天赐的]魔嗜之厉魔噬心带
111	9	2	100	0	86	0	87	100	88	[天赐的]魔嗜之厉魔噬心带
112	5	1	100	95	4	5	5	0	6	[天赐的]魔嗜之业火幽冥戒
112	6	1	100	50	4	50	5	0	6	[天赐的]魔嗜之业火幽冥戒
112	7	1	100	0	4	100	5	0	6	[天赐的]魔嗜之业火幽冥戒
112	8	1	100	0	4	50	5	50	6	[天赐的]魔嗜之业火幽冥戒
112	9	1	100	0	4	0	5	100	6	[天赐的]魔嗜之业火幽冥戒
112	5	2	100	3	260	0	261	0	262	[天赐的]魔嗜之业火幽冥戒
112	6	2	100	95	260	5	261	0	262	[天赐的]魔嗜之业火幽冥戒
112	7	2	100	0	260	100	261	0	262	[天赐的]魔嗜之业火幽冥戒
112	8	2	100	0	260	100	261	0	262	[天赐的]魔嗜之业火幽冥戒
112	9	2	100	0	260	0	261	100	262	[天赐的]魔嗜之业火幽冥戒
113	5	1	100	95	4	5	5	0	6	[天赐的]魔嗜之血玉七杀佩
113	6	1	100	50	4	50	5	0	6	[天赐的]魔嗜之血玉七杀佩
113	7	1	100	0	4	100	5	0	6	[天赐的]魔嗜之血玉七杀佩
113	8	1	100	0	4	50	5	50	6	[天赐的]魔嗜之血玉七杀佩
113	9	1	100	0	4	0	5	100	6	[天赐的]魔嗜之血玉七杀佩
113	5	2	100	3	32	0	34	0	35	[天赐的]魔嗜之血玉七杀佩
113	6	2	100	95	32	5	34	0	35	[天赐的]魔嗜之血玉七杀佩
113	7	2	100	0	32	100	34	0	35	[天赐的]魔嗜之血玉七杀佩
113	8	2	100	0	32	100	34	0	35	[天赐的]魔嗜之血玉七杀佩
113	9	2	100	0	32	0	34	100	35	[天赐的]魔嗜之血玉七杀佩
114	5	1	100	95	30	5	32	0	14	[天赐的]魔嗜之山海飞鸿履
114	6	1	100	50	30	50	32	0	14	[天赐的]魔嗜之山海飞鸿履
114	7	1	100	0	30	100	32	0	14	[天赐的]魔嗜之山海飞鸿履
114	8	1	100	0	30	50	32	50	14	[天赐的]魔嗜之山海飞鸿履
114	9	1	100	0	30	0	32	100	14	[天赐的]魔嗜之山海飞鸿履
114	5	2	100	3	86	0	87	0	88	[天赐的]魔嗜之山海飞鸿履
114	6	2	100	95	86	5	87	0	88	[天赐的]魔嗜之山海飞鸿履
114	7	2	100	0	86	100	87	0	88	[天赐的]魔嗜之山海飞鸿履
114	8	2	100	0	86	100	87	0	88	[天赐的]魔嗜之山海飞鸿履
114	9	2	100	0	86	0	87	100	88	[天赐的]魔嗜之山海飞鸿履
115	5	1	100	95	26	5	28	0	29	[天赐的]凌岳之太极剑
115	6	1	100	50	26	50	28	0	29	[天赐的]凌岳之太极剑
115	7	1	100	0	26	100	28	0	29	[天赐的]凌岳之太极剑
115	8	1	100	0	26	50	28	50	29	[天赐的]凌岳之太极剑
115	9	1	100	0	26	0	28	100	29	[天赐的]凌岳之太极剑
115	5	2	100	3	116	0	117	0	118	[天赐的]凌岳之太极剑
115	6	2	100	95	116	5	117	0	118	[天赐的]凌岳之太极剑
115	7	2	100	0	116	100	117	0	118	[天赐的]凌岳之太极剑
115	8	2	100	0	116	100	117	0	118	[天赐的]凌岳之太极剑
115	9	2	100	0	116	0	117	100	118	[天赐的]凌岳之太极剑
116	5	1	100	95	4	5	5	0	6	[天赐的]凌岳之无我束带
116	6	1	100	50	4	50	5	0	6	[天赐的]凌岳之无我束带
116	7	1	100	0	4	100	5	0	6	[天赐的]凌岳之无我束带
116	8	1	100	0	4	50	5	50	6	[天赐的]凌岳之无我束带
116	9	1	100	0	4	0	5	100	6	[天赐的]凌岳之无我束带
116	5	2	100	3	116	0	117	0	118	[天赐的]凌岳之无我束带
116	6	2	100	95	116	5	117	0	118	[天赐的]凌岳之无我束带
116	7	2	100	0	116	100	117	0	118	[天赐的]凌岳之无我束带
116	8	2	100	0	116	100	117	0	118	[天赐的]凌岳之无我束带
116	9	2	100	0	116	0	117	100	118	[天赐的]凌岳之无我束带
117	5	1	100	95	164	5	165	0	166	[天赐的]凌岳之怒雷法戒
117	6	1	100	50	164	50	165	0	166	[天赐的]凌岳之怒雷法戒
117	7	1	100	0	164	100	165	0	166	[天赐的]凌岳之怒雷法戒
117	8	1	100	0	164	50	165	50	166	[天赐的]凌岳之怒雷法戒
117	9	1	100	0	164	0	165	100	166	[天赐的]凌岳之怒雷法戒
117	5	2	100	3	156	0	157	0	158	[天赐的]凌岳之怒雷法戒
117	6	2	100	95	156	5	157	0	158	[天赐的]凌岳之怒雷法戒
117	7	2	100	0	156	100	157	0	158	[天赐的]凌岳之怒雷法戒
117	8	2	100	0	156	100	157	0	158	[天赐的]凌岳之怒雷法戒
117	9	2	100	0	156	0	157	100	158	[天赐的]凌岳之怒雷法戒
118	5	1	100	95	164	5	165	0	166	[天赐的]凌岳之无极玄玉佩
118	6	1	100	50	164	50	165	0	166	[天赐的]凌岳之无极玄玉佩
118	7	1	100	0	164	100	165	0	166	[天赐的]凌岳之无极玄玉佩
118	8	1	100	0	164	50	165	50	166	[天赐的]凌岳之无极玄玉佩
118	9	1	100	0	164	0	165	100	166	[天赐的]凌岳之无极玄玉佩
118	5	2	100	3	27	0	17	0	18	[天赐的]凌岳之无极玄玉佩
118	6	2	100	95	27	5	17	0	18	[天赐的]凌岳之无极玄玉佩
118	7	2	100	0	27	100	17	0	18	[天赐的]凌岳之无极玄玉佩
118	8	2	100	0	27	100	17	0	18	[天赐的]凌岳之无极玄玉佩
118	9	2	100	0	27	0	17	100	18	[天赐的]凌岳之无极玄玉佩
119	5	1	100	95	164	5	165	0	166	[天赐的]凌岳之天地玄黄戒
119	6	1	100	50	164	50	165	0	166	[天赐的]凌岳之天地玄黄戒
119	7	1	100	0	164	100	165	0	166	[天赐的]凌岳之天地玄黄戒
119	8	1	100	0	164	50	165	50	166	[天赐的]凌岳之天地玄黄戒
119	9	1	100	0	164	0	165	100	166	[天赐的]凌岳之天地玄黄戒
119	5	2	100	3	269	0	270	0	271	[天赐的]凌岳之天地玄黄戒
119	6	2	100	95	269	5	270	0	271	[天赐的]凌岳之天地玄黄戒
119	7	2	100	0	269	100	270	0	271	[天赐的]凌岳之天地玄黄戒
119	8	2	100	0	269	100	270	0	271	[天赐的]凌岳之天地玄黄戒
119	9	2	100	0	269	0	270	100	271	[天赐的]凌岳之天地玄黄戒
120	5	1	100	95	23	5	24	0	25	[天赐的]及丰之真武剑
120	6	1	100	50	23	50	24	0	25	[天赐的]及丰之真武剑
120	7	1	100	0	23	100	24	0	25	[天赐的]及丰之真武剑
120	8	1	100	0	23	50	24	50	25	[天赐的]及丰之真武剑
120	9	1	100	0	23	0	24	100	25	[天赐的]及丰之真武剑
120	5	2	100	3	20	0	21	0	22	[天赐的]及丰之真武剑
120	6	2	100	95	20	5	21	0	22	[天赐的]及丰之真武剑
120	7	2	100	0	20	100	21	0	22	[天赐的]及丰之真武剑
120	8	2	100	0	20	100	21	0	22	[天赐的]及丰之真武剑
120	9	2	100	0	20	0	21	100	22	[天赐的]及丰之真武剑
121	5	1	100	95	164	5	165	0	166	[天赐的]及丰之三清符
121	6	1	100	50	164	50	165	0	166	[天赐的]及丰之三清符
121	7	1	100	0	164	100	165	0	166	[天赐的]及丰之三清符
121	8	1	100	0	164	50	165	50	166	[天赐的]及丰之三清符
121	9	1	100	0	164	0	165	100	166	[天赐的]及丰之三清符
121	5	2	100	3	153	0	154	0	155	[天赐的]及丰之三清符
121	6	2	100	95	153	5	154	0	155	[天赐的]及丰之三清符
121	7	2	100	0	153	100	154	0	155	[天赐的]及丰之三清符
121	8	2	100	0	153	100	154	0	155	[天赐的]及丰之三清符
121	9	2	100	0	153	0	154	100	155	[天赐的]及丰之三清符
122	5	1	100	95	164	5	165	0	166	[天赐的]及丰之玄丝三段锦
122	6	1	100	50	164	50	165	0	166	[天赐的]及丰之玄丝三段锦
122	7	1	100	0	164	100	165	0	166	[天赐的]及丰之玄丝三段锦
122	8	1	100	0	164	50	165	50	166	[天赐的]及丰之玄丝三段锦
122	9	1	100	0	164	0	165	100	166	[天赐的]及丰之玄丝三段锦
122	5	2	100	3	113	0	114	0	115	[天赐的]及丰之玄丝三段锦
122	6	2	100	95	113	5	114	0	115	[天赐的]及丰之玄丝三段锦
122	7	2	100	0	113	100	114	0	115	[天赐的]及丰之玄丝三段锦
122	8	2	100	0	113	100	114	0	115	[天赐的]及丰之玄丝三段锦
122	9	2	100	0	113	0	114	100	115	[天赐的]及丰之玄丝三段锦
123	5	1	100	95	4	5	5	0	6	[天赐的]及丰之翠玉玄黄腕
123	6	1	100	50	4	50	5	0	6	[天赐的]及丰之翠玉玄黄腕
123	7	1	100	0	4	100	5	0	6	[天赐的]及丰之翠玉玄黄腕
123	8	1	100	0	4	50	5	50	6	[天赐的]及丰之翠玉玄黄腕
123	9	1	100	0	4	0	5	100	6	[天赐的]及丰之翠玉玄黄腕
123	5	2	100	3	113	0	114	0	115	[天赐的]及丰之翠玉玄黄腕
123	6	2	100	95	113	5	114	0	115	[天赐的]及丰之翠玉玄黄腕
123	7	2	100	0	113	100	114	0	115	[天赐的]及丰之翠玉玄黄腕
123	8	2	100	0	113	100	114	0	115	[天赐的]及丰之翠玉玄黄腕
123	9	2	100	0	113	0	114	100	115	[天赐的]及丰之翠玉玄黄腕
124	5	1	100	95	164	5	165	0	166	[天赐的]及丰之青松法戒
124	6	1	100	50	164	50	165	0	166	[天赐的]及丰之青松法戒
124	7	1	100	0	164	100	165	0	166	[天赐的]及丰之青松法戒
124	8	1	100	0	164	50	165	50	166	[天赐的]及丰之青松法戒
124	9	1	100	0	164	0	165	100	166	[天赐的]及丰之青松法戒
124	5	2	100	3	266	0	267	0	268	[天赐的]及丰之青松法戒
124	6	2	100	95	266	5	267	0	268	[天赐的]及丰之青松法戒
124	7	2	100	0	266	100	267	0	268	[天赐的]及丰之青松法戒
124	8	2	100	0	266	100	267	0	268	[天赐的]及丰之青松法戒
124	9	2	100	0	266	0	267	100	268	[天赐的]及丰之青松法戒
125	5	1	100	95	23	5	24	0	25	[天赐的]霜晶之千年寒铁
125	6	1	100	50	23	50	24	0	25	[天赐的]霜晶之千年寒铁
125	7	1	100	0	23	100	24	0	25	[天赐的]霜晶之千年寒铁
125	8	1	100	0	23	50	24	50	25	[天赐的]霜晶之千年寒铁
125	9	1	100	0	23	0	24	100	25	[天赐的]霜晶之千年寒铁
125	5	2	100	3	20	0	21	0	22	[天赐的]霜晶之千年寒铁
125	6	2	100	95	20	5	21	0	22	[天赐的]霜晶之千年寒铁
125	7	2	100	0	20	100	21	0	22	[天赐的]霜晶之千年寒铁
125	8	2	100	0	20	100	21	0	22	[天赐的]霜晶之千年寒铁
125	9	2	100	0	20	0	21	100	22	[天赐的]霜晶之千年寒铁
126	5	1	100	95	4	5	5	0	6	[天赐的]霜晶之流星赶月扣
126	6	1	100	50	4	50	5	0	6	[天赐的]霜晶之流星赶月扣
126	7	1	100	0	4	100	5	0	6	[天赐的]霜晶之流星赶月扣
126	8	1	100	0	4	50	5	50	6	[天赐的]霜晶之流星赶月扣
126	9	1	100	0	4	0	5	100	6	[天赐的]霜晶之流星赶月扣
126	5	2	100	3	59	0	60	0	61	[天赐的]霜晶之流星赶月扣
126	6	2	100	95	59	5	60	0	61	[天赐的]霜晶之流星赶月扣
126	7	2	100	0	59	100	60	0	61	[天赐的]霜晶之流星赶月扣
126	8	2	100	0	59	100	60	0	61	[天赐的]霜晶之流星赶月扣
126	9	2	100	0	59	0	60	100	61	[天赐的]霜晶之流星赶月扣
127	5	1	100	95	290	5	4	0	5	[天赐的]霜晶之清风缕带
127	6	1	100	50	290	50	4	0	5	[天赐的]霜晶之清风缕带
127	7	1	100	0	290	100	4	0	5	[天赐的]霜晶之清风缕带
127	8	1	100	0	290	50	4	50	5	[天赐的]霜晶之清风缕带
127	9	1	100	0	290	0	4	100	5	[天赐的]霜晶之清风缕带
127	5	2	100	3	59	0	60	0	61	[天赐的]霜晶之清风缕带
127	6	2	100	95	59	5	60	0	61	[天赐的]霜晶之清风缕带
127	7	2	100	0	59	100	60	0	61	[天赐的]霜晶之清风缕带
127	8	2	100	0	59	100	60	0	61	[天赐的]霜晶之清风缕带
127	9	2	100	0	59	0	60	100	61	[天赐的]霜晶之清风缕带
128	5	1	100	95	290	5	4	0	5	[天赐的]霜晶之天清冰晶手
128	6	1	100	50	290	50	4	0	5	[天赐的]霜晶之天清冰晶手
128	7	1	100	0	290	100	4	0	5	[天赐的]霜晶之天清冰晶手
128	8	1	100	0	290	50	4	50	5	[天赐的]霜晶之天清冰晶手
128	9	1	100	0	290	0	4	100	5	[天赐的]霜晶之天清冰晶手
128	5	2	100	3	281	0	282	0	283	[天赐的]霜晶之天清冰晶手
128	6	2	100	95	281	5	282	0	283	[天赐的]霜晶之天清冰晶手
128	7	2	100	0	281	100	282	0	283	[天赐的]霜晶之天清冰晶手
128	8	2	100	0	281	100	282	0	283	[天赐的]霜晶之天清冰晶手
128	9	2	100	0	281	0	282	100	283	[天赐的]霜晶之天清冰晶手
129	5	1	100	95	290	5	4	0	5	[天赐的]霜晶之风暴指环
129	6	1	100	50	290	50	4	0	5	[天赐的]霜晶之风暴指环
129	7	1	100	0	290	100	4	0	5	[天赐的]霜晶之风暴指环
129	8	1	100	0	290	50	4	50	5	[天赐的]霜晶之风暴指环
129	9	1	100	0	290	0	4	100	5	[天赐的]霜晶之风暴指环
129	5	2	100	3	278	0	279	0	280	[天赐的]霜晶之风暴指环
129	6	2	100	95	278	5	279	0	280	[天赐的]霜晶之风暴指环
129	7	2	100	0	278	100	279	0	280	[天赐的]霜晶之风暴指环
129	8	2	100	0	278	100	279	0	280	[天赐的]霜晶之风暴指环
129	9	2	100	0	278	0	279	100	280	[天赐的]霜晶之风暴指环
130	5	1	100	95	26	5	28	0	29	[天赐的]雷穹之寒松冰柏冠
130	6	1	100	50	26	50	28	0	29	[天赐的]雷穹之寒松冰柏冠
130	7	1	100	0	26	100	28	0	29	[天赐的]雷穹之寒松冰柏冠
130	8	1	100	0	26	50	28	50	29	[天赐的]雷穹之寒松冰柏冠
130	9	1	100	0	26	0	28	100	29	[天赐的]雷穹之寒松冰柏冠
130	5	2	100	3	27	0	17	0	18	[天赐的]雷穹之寒松冰柏冠
130	6	2	100	95	27	5	17	0	18	[天赐的]雷穹之寒松冰柏冠
130	7	2	100	0	27	100	17	0	18	[天赐的]雷穹之寒松冰柏冠
130	8	2	100	0	27	100	17	0	18	[天赐的]雷穹之寒松冰柏冠
130	9	2	100	0	27	0	17	100	18	[天赐的]雷穹之寒松冰柏冠
131	5	1	100	95	290	5	4	0	5	[天赐的]雷穹之天地护符
131	6	1	100	50	290	50	4	0	5	[天赐的]雷穹之天地护符
131	7	1	100	0	290	100	4	0	5	[天赐的]雷穹之天地护符
131	8	1	100	0	290	50	4	50	5	[天赐的]雷穹之天地护符
131	9	1	100	0	290	0	4	100	5	[天赐的]雷穹之天地护符
131	5	2	100	3	56	0	57	0	58	[天赐的]雷穹之天地护符
131	6	2	100	95	56	5	57	0	58	[天赐的]雷穹之天地护符
131	7	2	100	0	56	100	57	0	58	[天赐的]雷穹之天地护符
131	8	2	100	0	56	100	57	0	58	[天赐的]雷穹之天地护符
131	9	2	100	0	56	0	57	100	58	[天赐的]雷穹之天地护符
132	5	1	100	95	290	5	4	0	5	[天赐的]雷穹之风雷青锦带
132	6	1	100	50	290	50	4	0	5	[天赐的]雷穹之风雷青锦带
132	7	1	100	0	290	100	4	0	5	[天赐的]雷穹之风雷青锦带
132	8	1	100	0	290	50	4	50	5	[天赐的]雷穹之风雷青锦带
132	9	1	100	0	290	0	4	100	5	[天赐的]雷穹之风雷青锦带
132	5	2	100	3	275	0	276	0	277	[天赐的]雷穹之风雷青锦带
132	6	2	100	95	275	5	276	0	277	[天赐的]雷穹之风雷青锦带
132	7	2	100	0	275	100	276	0	277	[天赐的]雷穹之风雷青锦带
132	8	2	100	0	275	100	276	0	277	[天赐的]雷穹之风雷青锦带
132	9	2	100	0	275	0	276	100	277	[天赐的]雷穹之风雷青锦带
133	5	1	100	95	4	5	5	0	6	[天赐的]雷穹之灵玉蕴雷腕
133	6	1	100	50	4	50	5	0	6	[天赐的]雷穹之灵玉蕴雷腕
133	7	1	100	0	4	100	5	0	6	[天赐的]雷穹之灵玉蕴雷腕
133	8	1	100	0	4	50	5	50	6	[天赐的]雷穹之灵玉蕴雷腕
133	9	1	100	0	4	0	5	100	6	[天赐的]雷穹之灵玉蕴雷腕
133	5	2	100	3	56	0	57	0	58	[天赐的]雷穹之灵玉蕴雷腕
133	6	2	100	95	56	5	57	0	58	[天赐的]雷穹之灵玉蕴雷腕
133	7	2	100	0	56	100	57	0	58	[天赐的]雷穹之灵玉蕴雷腕
133	8	2	100	0	56	100	57	0	58	[天赐的]雷穹之灵玉蕴雷腕
133	9	2	100	0	56	0	57	100	58	[天赐的]雷穹之灵玉蕴雷腕
134	5	1	100	95	290	5	4	0	5	[天赐的]雷穹之九天引雷戒
134	6	1	100	50	290	50	4	0	5	[天赐的]雷穹之九天引雷戒
134	7	1	100	0	290	100	4	0	5	[天赐的]雷穹之九天引雷戒
134	8	1	100	0	290	50	4	50	5	[天赐的]雷穹之九天引雷戒
134	9	1	100	0	290	0	4	100	5	[天赐的]雷穹之九天引雷戒
134	5	2	100	3	272	0	273	0	274	[天赐的]雷穹之九天引雷戒
134	6	2	100	95	272	5	273	0	274	[天赐的]雷穹之九天引雷戒
134	7	2	100	0	272	100	273	0	274	[天赐的]雷穹之九天引雷戒
134	8	2	100	0	272	100	273	0	274	[天赐的]雷穹之九天引雷戒
134	9	2	100	0	272	0	273	100	274	[天赐的]雷穹之九天引雷戒
137	5	1	100	95	290	5	4	0	5	[天赐的]雾幻之束心指环
137	6	1	100	50	290	50	4	0	5	[天赐的]雾幻之束心指环
137	7	1	100	0	290	100	4	0	5	[天赐的]雾幻之束心指环
137	8	1	100	0	290	50	4	50	5	[天赐的]雾幻之束心指环
137	9	1	100	0	290	0	4	100	5	[天赐的]雾幻之束心指环
137	5	2	100	3	284	0	285	0	286	[天赐的]雾幻之束心指环
137	6	2	100	95	284	5	285	0	286	[天赐的]雾幻之束心指环
137	7	2	100	0	284	100	285	0	286	[天赐的]雾幻之束心指环
137	8	2	100	0	284	100	285	0	286	[天赐的]雾幻之束心指环
137	9	2	100	0	284	0	285	100	286	[天赐的]雾幻之束心指环
